374.953,202.669,760,428
132822480191800920,594.617,594.752,0.993713,-0.007893,0.111704,-0.271791,-0.00461367,0.993781,0.111276,0.122749,-0.111887,-0.111091,0.987495,-0.40368,0,0,0,1
132822480193466907,594.617,594.752,0.994031,-0.0162906,0.107902,-0.27635,0.00565612,0.995158,0.098153,0.124315,-0.108978,-0.0969553,0.989307,-0.400358,0,0,0,1
132822480193800104,594.617,594.752,0.994003,-0.016689,0.1081,-0.276628,0.00600526,0.995128,0.0984277,0.124151,-0.109215,-0.0971868,0.989259,-0.400079,0,0,0,1
132822480194133301,594.617,594.752,0.994112,-0.0161796,0.107172,-0.276787,0.00561056,0.995152,0.0982091,0.124072,-0.108241,-0.097028,0.989382,-0.39983,0,0,0,1
132822480194466498,594.617,594.752,0.994118,-0.0157894,0.107171,-0.277113,0.00544417,0.995353,0.0961589,0.124211,-0.108191,-0.0950086,0.989583,-0.399602,0,0,0,1
132822480194799696,594.617,594.752,0.99397,-0.0153943,0.108592,-0.277647,0.00509411,0.995513,0.0945142,0.124377,-0.109559,-0.0933897,0.989587,-0.399308,0,0,0,1
132822480195466091,594.617,594.752,0.99373,-0.0163761,0.110632,-0.278828,0.00594783,0.995561,0.0939556,0.124379,-0.111679,-0.092707,0.989414,-0.39912,0,0,0,1
132822480196132485,594.617,594.752,0.993866,-0.0179957,0.109141,-0.280041,0.00756282,0.995425,0.0952773,0.124511,-0.110356,-0.093866,0.989453,-0.398918,0,0,0,1
132822480196465681,594.617,594.752,0.9939,-0.0187504,0.108705,-0.281042,0.00836161,0.995419,0.0952618,0.124745,-0.109992,-0.0937703,0.989502,-0.398647,0,0,0,1
132822480197132077,594.617,594.752,0.994047,-0.0186963,0.107357,-0.283505,0.00836641,0.995359,0.0958914,0.124533,-0.108651,-0.094421,0.989589,-0.397657,0,0,0,1
132822480197465274,594.617,594.752,0.994226,-0.0178869,0.105833,-0.285016,0.00752378,0.995207,0.097531,0.123993,-0.10707,-0.0961708,0.989593,-0.396868,0,0,0,1
132822480197798471,594.617,594.752,0.994592,-0.0169212,0.102506,-0.286606,0.00669888,0.995041,0.0992685,0.123331,-0.103676,-0.0980442,0.989771,-0.395855,0,0,0,1
132822480198464866,594.617,594.752,0.995302,-0.0171503,0.0953306,-0.290497,0.00749552,0.994889,0.100736,0.122158,-0.0965705,-0.0995473,0.990339,-0.393102,0,0,0,1
132822480198798063,594.617,594.752,0.995555,-0.0176722,0.0925413,-0.292713,0.00832063,0.994907,0.10049,0.121483,-0.0938452,-0.0992725,0.990629,-0.391532,0,0,0,1
132822480199131260,594.617,594.752,0.99576,-0.0177358,0.090298,-0.294797,0.00862899,0.994926,0.10027,0.120784,-0.0916174,-0.0990648,0.990858,-0.389901,0,0,0,1
132822480199464458,594.617,594.752,0.995971,-0.0173397,0.0880213,-0.296752,0.00838649,0.994845,0.101098,0.120088,-0.0893198,-0.0999513,0.990979,-0.388153,0,0,0,1
132822480199797655,594.617,594.752,0.996219,-0.0168019,0.0852738,-0.298469,0.00802949,0.994734,0.102205,0.119475,-0.0865412,-0.101133,0.991106,-0.386434,0,0,0,1
132822480200464050,594.617,594.752,0.996714,-0.0135302,0.0799073,-0.301394,0.00523213,0.994653,0.103172,0.11876,-0.0808752,-0.102414,0.991453,-0.382666,0,0,0,1
132822480201796839,594.617,594.752,0.997253,-0.00697157,0.0737929,-0.30759,-0.000346273,0.99512,0.0987094,0.11833,-0.0741203,-0.0984628,0.99238,-0.375972,0,0,0,1
132822480202463233,594.617,594.752,0.997366,-0.00614974,0.0723246,-0.311098,-0.000889808,0.995296,0.0969138,0.118072,-0.07258,-0.0967217,0.992666,-0.373539,0,0,0,1
132822480202796430,594.617,594.752,0.997396,-0.00612214,0.0719058,-0.312777,-0.000846267,0.995337,0.0964949,0.117916,-0.0721606,-0.0963036,0.992737,-0.372591,0,0,0,1
132822480203129628,594.617,594.752,0.997423,-0.00589132,0.0715565,-0.314301,-0.00105587,0.995318,0.0966791,0.11775,-0.0717907,-0.0965043,0.992744,-0.371836,0,0,0,1
132822480203462825,594.617,594.752,0.997448,-0.00537983,0.0712375,-0.315612,-0.00154567,0.995304,0.0968229,0.117612,-0.0714232,-0.096685,0.992753,-0.371267,0,0,0,1
132822480203796022,594.617,594.752,0.997524,-0.00490946,0.0701995,-0.316686,-0.00191063,0.995308,0.0967712,0.117471,-0.0703446,-0.0966647,0.992832,-0.370857,0,0,0,1
132822480204129219,594.617,594.752,0.99763,-0.00461319,0.0687084,-0.317566,-0.00206318,0.995305,0.0968012,0.117336,-0.068832,-0.0967122,0.992933,-0.37056,0,0,0,1
132822480204462417,594.617,594.752,0.997695,-0.0043169,0.0677717,-0.31839,-0.00228304,0.995283,0.0970206,0.117228,-0.0678704,-0.0969507,0.992976,-0.370323,0,0,0,1
132822480204795614,594.617,594.752,0.997715,-0.00391668,0.067508,-0.31913,-0.00263539,0.995313,0.0967102,0.117156,-0.0675698,-0.0966661,0.993024,-0.370142,0,0,0,1
132822480205128811,594.617,594.752,0.997731,-0.00378048,0.0672693,-0.319771,-0.00270912,0.995368,0.0961366,0.117059,-0.0673204,-0.0960996,0.993096,-0.369913,0,0,0,1
132822480206461600,594.617,594.752,0.997896,-0.00412461,0.0647566,-0.321256,-0.00179946,0.995836,0.0911754,0.11755,-0.0648624,-0.091099,0.993731,-0.369199,0,0,0,1
132822480206794797,594.617,594.752,0.997922,-0.00401884,0.0643636,-0.32145,-0.00172281,0.996041,0.0889208,0.117849,-0.0644655,-0.0888456,0.993961,-0.369077,0,0,0,1
132822480207127995,594.617,594.752,0.997962,-0.00421235,0.0637241,-0.321574,-0.00127319,0.996314,0.0858149,0.118322,-0.0638501,-0.0857202,0.994275,-0.368848,0,0,0,1
132822480207461191,594.617,594.752,0.998033,-0.00462022,0.0625782,-0.321606,-0.000468522,0.996711,0.081078,0.119051,-0.0627463,-0.0809469,0.994745,-0.368446,0,0,0,1
132822480207794389,594.617,594.752,0.9981,-0.00537911,0.061424,-0.32161,0.000767916,0.997197,0.0748651,0.11993,-0.061654,-0.074675,0.995304,-0.368019,0,0,0,1
132822480208127587,594.617,594.752,0.998137,-0.00580093,0.0607998,-0.321629,0.00155205,0.99757,0.0697135,0.120711,-0.0610558,-0.0694886,0.995716,-0.367532,0,0,0,1
132822480208460784,594.617,594.752,0.998199,-0.00599423,0.0597461,-0.321535,0.00209552,0.997879,0.0651222,0.121397,-0.0600094,-0.0648786,0.996091,-0.367096,0,0,0,1
132822480209460376,594.617,594.752,0.998335,-0.00608915,0.0574237,-0.321324,0.00313148,0.998673,0.0514735,0.123244,-0.0576603,-0.0512071,0.997026,-0.36601,0,0,0,1
132822480209793573,594.617,594.752,0.998318,-0.006414,0.0576792,-0.321439,0.00366065,0.998857,0.0477334,0.123733,-0.0579186,-0.0474409,0.997197,-0.365828,0,0,0,1
132822480210126770,594.617,594.752,0.998228,-0.00699106,0.0591533,-0.32173,0.00433525,0.998985,0.044923,0.124095,-0.0594069,-0.0445864,0.997241,-0.365746,0,0,0,1
132822480210459967,594.617,594.752,0.998101,-0.00765517,0.0611825,-0.322139,0.00501767,0.999059,0.0431632,0.124366,-0.0614545,-0.0427736,0.997197,-0.36572,0,0,0,1
132822480211126362,594.617,594.752,0.997981,-0.00942129,0.0628708,-0.322753,0.00685149,0.99914,0.0409817,0.12466,-0.0632021,-0.0404673,0.997184,-0.366108,0,0,0,1
132822480211459559,594.617,594.752,0.998012,-0.0101575,0.0622559,-0.32291,0.00763965,0.999151,0.0405667,0.124672,-0.0626143,-0.0400096,0.997239,-0.366524,0,0,0,1
132822480211792756,594.617,594.752,0.998051,-0.0108297,0.0615198,-0.323079,0.00834924,0.99915,0.040454,0.124636,-0.061905,-0.0398608,0.99729,-0.366997,0,0,0,1
132822480212125954,594.617,594.752,0.998064,-0.0114358,0.0611862,-0.323336,0.00897488,0.999149,0.0403633,0.124606,-0.0615949,-0.0397352,0.997313,-0.367536,0,0,0,1
132822480212792348,594.617,594.752,0.997981,-0.0123592,0.0623566,-0.324253,0.00988683,0.999162,0.0398209,0.124712,-0.0627958,-0.0391231,0.997263,-0.368536,0,0,0,1
132822480213125545,594.617,594.752,0.997897,-0.0129624,0.0635554,-0.324878,0.0104655,0.999169,0.0394796,0.124739,-0.0640136,-0.0387306,0.997201,-0.369002,0,0,0,1
132822480213458743,594.617,594.752,0.997803,-0.0135051,0.0649226,-0.325536,0.0109443,0.999157,0.0396535,0.124673,-0.0654026,-0.0388553,0.997106,-0.36948,0,0,0,1
132822480213791940,594.617,594.752,0.997693,-0.0140987,0.0664595,-0.326259,0.0114815,0.999152,0.0396154,0.124606,-0.0669611,-0.0387601,0.997006,-0.369974,0,0,0,1
132822480214125137,594.617,594.752,0.997562,-0.0147976,0.0682427,-0.327102,0.0121168,0.999147,0.039547,0.124523,-0.0687687,-0.0386227,0.996888,-0.370506,0,0,0,1
132822480214458334,594.617,594.752,0.997394,-0.0154898,0.070521,-0.328079,0.0127273,0.999143,0.0394673,0.124496,-0.0710711,-0.0384662,0.996733,-0.370996,0,0,0,1
132822480214791532,594.617,594.752,0.997187,-0.0160608,0.0732642,-0.329126,0.0131707,0.999126,0.0397764,0.124452,-0.0738384,-0.0386989,0.996523,-0.3715,0,0,0,1
132822480215124729,594.617,594.752,0.996961,-0.0166999,0.0761413,-0.330219,0.0136485,0.999092,0.0404355,0.124356,-0.0767468,-0.0392725,0.99628,-0.371964,0,0,0,1
132822480215457926,594.617,594.752,0.996762,-0.0170344,0.0786285,-0.331278,0.0138506,0.999072,0.0408725,0.12425,-0.0792512,-0.0396505,0.99607,-0.372393,0,0,0,1
132822480216124320,594.617,594.752,0.99638,-0.0177748,0.083169,-0.33323,0.0144085,0.999062,0.0409132,0.124253,-0.0838174,-0.0395662,0.995699,-0.372974,0,0,0,1
132822480217123913,594.617,594.752,0.99608,-0.017776,0.0866851,-0.335293,0.0143726,0.99911,0.0397418,0.12446,-0.0873136,-0.0383392,0.995447,-0.373226,0,0,0,1
132822480218123504,594.617,594.752,0.996314,-0.0167396,0.0841674,-0.335489,0.0132267,0.999028,0.0421352,0.124131,-0.0847902,-0.040866,0.995564,-0.373071,0,0,0,1
132822480218789898,594.617,594.752,0.996864,-0.0127414,0.0781471,-0.335171,0.00907204,0.99885,0.0471394,0.122543,-0.0786581,-0.0462821,0.99583,-0.371093,0,0,0,1
132822480219123096,594.617,594.752,0.997075,-0.0106866,0.075724,-0.335534,0.00719392,0.998906,0.046259,0.122818,-0.0761357,-0.0455783,0.996058,-0.370935,0,0,0,1
132822480219789490,594.617,594.752,0.997157,-0.00939563,0.0748073,-0.337428,0.00611088,0.999014,0.0440299,0.12338,-0.0751473,-0.0434473,0.996228,-0.370538,0,0,0,1
132822480220122688,594.617,594.752,0.997053,-0.0102477,0.0760699,-0.338703,0.00686407,0.998983,0.044622,0.123443,-0.0764497,-0.043968,0.996107,-0.370332,0,0,0,1
132822480220455885,594.617,594.752,0.996899,-0.012192,0.077785,-0.339948,0.00874656,0.998974,0.0444928,0.124487,-0.0782477,-0.0436741,0.99598,-0.371459,0,0,0,1
132822480220789081,594.617,594.752,0.996838,-0.0139503,0.0782749,-0.340899,0.0104228,0.998921,0.0453065,0.124263,-0.0788227,-0.0443469,0.995905,-0.371117,0,0,0,1
132822480221122279,594.617,594.752,0.996876,-0.0146352,0.077661,-0.341502,0.0110263,0.99885,0.0467098,0.123984,-0.0782556,-0.045707,0.995888,-0.370762,0,0,0,1
132822480221455477,594.617,594.752,0.996995,-0.0142268,0.0761873,-0.341842,0.0106068,0.998807,0.0477197,0.123787,-0.0767756,-0.0467677,0.995954,-0.370417,0,0,0,1
132822480221788674,594.617,594.752,0.997187,-0.0131331,0.0738376,-0.342056,0.00948104,0.998726,0.0496082,0.123614,-0.0743952,-0.0487682,0.996039,-0.370127,0,0,0,1
132822480222121871,594.617,594.752,0.997394,-0.0119044,0.0712133,-0.342294,0.00827661,0.998665,0.0510342,0.123647,-0.0717259,-0.0503112,0.996158,-0.369817,0,0,0,1
132822480222455068,594.617,594.752,0.997622,-0.0106648,0.0681343,-0.342563,0.00708282,0.998592,0.0526116,0.123826,-0.0685994,-0.0520035,0.996291,-0.369508,0,0,0,1
132822480222788266,594.071,594.201,0.997858,-0.00995812,0.0647008,-0.342912,0.00649375,0.998547,0.053547,0.12414,-0.06514,-0.0530117,0.99647,-0.36921,0,0,0,1
132822480223121463,593.525,593.649,0.998109,-0.00878382,0.060899,-0.34329,0.0054656,0.998504,0.0544564,0.124487,-0.0612865,-0.05402,0.99666,-0.368905,0,0,0,1
132822480223454660,593.525,593.649,0.998362,-0.00696868,0.0568451,-0.343736,0.00380901,0.998453,0.0555174,0.124939,-0.0571441,-0.0552096,0.996841,-0.368537,0,0,0,1
132822480223787857,593.525,593.649,0.998525,-0.00607246,0.0540117,-0.344423,0.00314516,0.998531,0.0541352,0.125667,-0.0542613,-0.053885,0.997075,-0.367886,0,0,0,1
132822480224121055,593.525,593.649,0.998636,-0.00467283,0.0520554,-0.345212,0.00203729,0.99872,0.0505847,0.126553,-0.0522254,-0.0504093,0.997365,-0.366734,0,0,0,1
132822480224454252,593.525,593.649,0.998723,-0.00318232,0.0504869,-0.34593,0.000972152,0.999044,0.0437581,0.127681,-0.0505779,-0.0436527,0.997769,-0.364802,0,0,0,1
132822480224787449,593.525,593.649,0.998729,-0.00151703,0.0504351,-0.34652,-0.000117421,0.999477,0.0324049,0.129356,-0.0504577,-0.0323693,0.998205,-0.36198,0,0,0,1
132822480225120645,592.979,593.098,0.998721,-5.61774e-05,0.0506244,-0.346801,-0.000979215,0.999793,0.0204404,0.131082,-0.0506153,-0.0204638,0.998512,-0.358138,0,0,0,1
132822480225453843,592.25,592.363,0.998676,-0.000351548,0.0515105,-0.346626,-3.19779e-05,0.999975,0.0074597,0.132858,-0.0515123,-0.00745124,0.998648,-0.353073,0,0,0,1
132822480226453435,591.147,591.247,0.997605,-0.0095636,0.0685526,-0.343311,0.0122736,0.999158,-0.0392056,0.137889,-0.0681204,0.0399534,0.99688,-0.330312,0,0,0,1
132822480226786633,591.147,591.247,0.99675,-0.0134363,0.0794726,-0.340827,0.0176215,0.998484,-0.0521893,0.138994,-0.0786508,0.0534201,0.995473,-0.320647,0,0,0,1
132822480227119830,591.147,591.247,0.995652,-0.0151905,0.0919311,-0.337357,0.0209689,0.997845,-0.0622105,0.139861,-0.0907879,0.0638677,0.993823,-0.31025,0,0,0,1
132822480227453027,591.147,591.247,0.994345,-0.0148818,0.105181,-0.332891,0.0225732,0.997129,-0.0723123,0.140967,-0.103802,0.0742775,0.991824,-0.299276,0,0,0,1
132822480227786224,591.147,591.247,0.992883,-0.0136651,0.118332,-0.327461,0.0234995,0.996349,-0.0821103,0.142165,-0.116778,0.0843067,0.989576,-0.287876,0,0,0,1
132822480228119421,590.372,590.46,0.991449,-0.0115549,0.130011,-0.321017,0.0234583,0.995632,-0.0903963,0.143019,-0.128399,0.092673,0.987386,-0.276221,0,0,0,1
132822480228452619,589.791,589.869,0.990063,-0.00920033,0.140349,-0.313669,0.0229185,0.995078,-0.0964368,0.143386,-0.138771,0.098695,0.985398,-0.264505,0,0,0,1
132822480228785816,589.21,589.279,0.988726,-0.00687045,0.149598,-0.305511,0.0219615,0.994802,-0.0994548,0.143182,-0.148137,0.101619,0.983735,-0.252769,0,0,0,1
132822480229119013,588.629,588.689,0.987504,-0.00430274,0.157556,-0.296523,0.0204171,0.9947,-0.100797,0.142633,-0.156287,0.102754,0.982355,-0.240933,0,0,0,1
132822480229452210,588.049,588.098,0.986387,-0.00236985,0.164445,-0.286788,0.0187918,0.994974,-0.0983752,0.141514,-0.163385,0.100126,0.981471,-0.229074,0,0,0,1
132822480229785407,587.661,587.705,0.985386,-0.000828505,0.170355,-0.276364,0.016817,0.99558,-0.0924285,0.140037,-0.169525,0.0939424,0.981042,-0.217087,0,0,0,1
132822480230451802,587.661,587.705,0.983916,0.00380629,0.178611,-0.253853,0.00904849,0.997431,-0.0710959,0.13598,-0.178422,0.0715687,0.981351,-0.192985,0,0,0,1
132822480231451393,587.661,587.705,0.981879,0.0193568,0.188535,-0.219064,-0.0117353,0.999074,-0.0414546,0.128868,-0.189163,0.0384907,0.981194,-0.157,0,0,0,1
132822480231784591,587.661,587.705,0.981134,0.0244409,0.191798,-0.207901,-0.0185317,0.999301,-0.032539,0.125838,-0.192459,0.0283709,0.980898,-0.145749,0,0,0,1
132822480232784183,587.661,587.705,0.980744,0.0407275,0.191022,-0.175587,-0.0421458,0.999108,0.00336999,0.119797,-0.190714,-0.0113558,0.981583,-0.115342,0,0,0,1
132822480233450577,587.661,587.705,0.983925,0.0548254,0.16998,-0.155184,-0.0606387,0.997735,0.0292003,0.121702,-0.167994,-0.039038,0.985018,-0.0976097,0,0,0,1
132822480234116971,587.661,587.705,0.988128,0.0637653,0.139801,-0.137364,-0.0732138,0.995294,0.0635192,0.122462,-0.135092,-0.073,0.988143,-0.079821,0,0,0,1
132822480234450169,588.049,588.098,0.989725,0.0674018,0.12613,-0.129994,-0.0776732,0.993896,0.0783781,0.121543,-0.120077,-0.0873689,0.988916,-0.0704028,0,0,0,1
132822480234783366,588.629,588.689,0.990958,0.071544,0.113536,-0.12353,-0.0821424,0.992404,0.0916003,0.11987,-0.10612,-0.100097,0.989306,-0.0607199,0,0,0,1
132822480235116563,589.21,589.279,0.991869,0.0761845,0.101966,-0.118018,-0.0865965,0.991018,0.101927,0.118084,-0.0932842,-0.109928,0.989556,-0.0506129,0,0,0,1
132822480235449760,589.791,589.869,0.992729,0.0809757,0.0890828,-0.113127,-0.0906805,0.989685,0.110927,0.11662,-0.0791804,-0.118198,0.98983,-0.0401911,0,0,0,1
132822480236116155,591.147,591.247,0.994531,0.0904975,0.0521544,-0.104215,-0.0966739,0.986582,0.131586,0.113391,-0.0395455,-0.135907,0.989934,-0.0188767,0,0,0,1
132822480236449352,591.704,591.811,0.995057,0.0955494,0.0270748,-0.0999695,-0.0984992,0.984321,0.146337,0.111378,-0.0126666,-0.148279,0.988866,-0.00829566,0,0,0,1
132822480236782550,592.068,592.179,0.994966,0.100211,-0.00184351,-0.0960718,-0.0985492,0.981498,0.164179,0.108917,0.018263,-0.163169,0.986431,0.00228831,0,0,0,1
132822480237782141,590.372,590.46,0.98975,0.108886,-0.0924381,-0.0887392,-0.0861928,0.971384,0.221332,0.100085,0.113891,-0.211094,0.970811,0.0345353,0,0,0,1
132822480238115339,589.791,589.869,0.986998,0.109968,-0.117259,-0.0885344,-0.0794725,0.967835,0.23871,0.0971917,0.139736,-0.226286,0.963989,0.0453939,0,0,0,1
132822480239448127,589.791,589.869,0.980024,0.102321,-0.170562,-0.099409,-0.048123,0.954032,0.295821,0.0873213,0.192989,-0.281702,0.939897,0.0872414,0,0,0,1
132822480240114522,589.791,589.869,0.981015,0.09062,-0.171474,-0.110091,-0.035065,0.952434,0.302727,0.0863966,0.190749,-0.290966,0.937528,0.107728,0,0,0,1
132822480240780916,589.791,589.869,0.983714,0.0709705,-0.165154,-0.121688,-0.0200126,0.956291,0.291737,0.0861866,0.178638,-0.28368,0.942136,0.128727,0,0,0,1
132822480242113704,589.791,589.869,0.989804,0.0314034,-0.138956,-0.141282,0.000396013,0.974793,0.223117,0.0883237,0.142458,-0.220896,0.96484,0.17175,0,0,0,1
132822480242446902,589.791,589.869,0.991177,0.0271903,-0.129756,-0.144704,0.00016278,0.978494,0.206285,0.0908506,0.132572,-0.204485,0.969854,0.182126,0,0,0,1
132822480242780098,589.791,589.869,0.992154,0.0234681,-0.122829,-0.147208,0.00130969,0.980231,0.19786,0.0928916,0.125043,-0.196467,0.972507,0.192273,0,0,0,1
132822480243113296,589.791,589.869,0.993078,0.0190107,-0.115936,-0.149118,0.00305182,0.982316,0.187215,0.0949191,0.117443,-0.186272,0.975457,0.201859,0,0,0,1
132822480243446494,589.791,589.869,0.994196,0.0138142,-0.106723,-0.150572,0.00509575,0.984573,0.174909,0.097032,0.107491,-0.174436,0.978787,0.211161,0,0,0,1
132822480243779691,589.791,589.869,0.995335,0.00975239,-0.0960163,-0.151268,0.006385,0.98605,0.166338,0.0987295,0.096297,-0.166175,0.981386,0.220451,0,0,0,1
132822480244446085,589.791,589.869,0.997166,0.00516361,-0.0750948,-0.149654,0.00632632,0.988368,0.151964,0.102371,0.0750043,-0.152008,0.985532,0.23969,0,0,0,1
132822480244779283,589.791,589.869,0.997859,0.004291,-0.0652998,-0.147182,0.00524792,0.98939,0.145198,0.104732,0.0652296,-0.145229,0.987249,0.249551,0,0,0,1
132822480245112480,589.791,589.869,0.99844,0.00498906,-0.0556593,-0.14364,0.00266066,0.990637,0.136509,0.107093,0.0558192,-0.136443,0.989077,0.259423,0,0,0,1
132822480245445677,589.791,589.869,0.998961,0.00678724,-0.0451183,-0.13914,-0.000987828,0.991863,0.127318,0.109278,0.0456153,-0.127139,0.990838,0.26914,0,0,0,1
132822480245778873,589.791,589.869,0.999396,0.0103008,-0.0332351,-0.133798,-0.00625157,0.992794,0.119686,0.111068,0.0342284,-0.119405,0.992258,0.278681,0,0,0,1
132822480246445268,589.791,589.869,0.999697,0.0217147,-0.0117785,-0.119498,-0.0203629,0.994296,0.104709,0.114183,0.0139852,-0.104436,0.994436,0.296968,0,0,0,1
132822480246778466,589.791,589.869,0.999631,0.0269527,-0.00392501,-0.110665,-0.0264405,0.994879,0.0975702,0.11546,0.00653441,-0.0974297,0.995224,0.305859,0,0,0,1
132822480247111663,589.791,589.869,0.999532,0.0305911,0.00203779,-0.100851,-0.0306503,0.995574,0.0888601,0.116867,0.000688806,-0.0888804,0.996046,0.314605,0,0,0,1
132822480247444860,589.791,589.869,0.999423,0.0332937,0.00704969,-0.0903385,-0.0337354,0.996494,0.0765838,0.11868,-0.00447583,-0.0767767,0.997042,0.32315,0,0,0,1
132822480247778058,589.791,589.869,0.999307,0.0354019,0.0117572,-0.0792274,-0.0360881,0.997264,0.0645468,0.120502,-0.00944059,-0.0649256,0.997849,0.331499,0,0,0,1
132822480248111255,589.791,589.869,0.999188,0.0368151,0.0164866,-0.067703,-0.0376632,0.997803,0.054536,0.122261,-0.0144433,-0.0551124,0.998379,0.339267,0,0,0,1
132822480248444452,589.791,589.869,0.999099,0.0367341,0.0213938,-0.0559449,-0.0377073,0.998182,0.0470727,0.123931,-0.0196264,-0.0478361,0.998666,0.346479,0,0,0,1
132822480249110846,589.791,589.869,0.998934,0.0354176,0.0296976,-0.0315768,-0.036246,0.998957,0.0278648,0.128256,-0.0286804,-0.0289108,0.999174,0.359609,0,0,0,1
132822480249444044,589.791,589.869,0.998846,0.0350167,0.0329351,-0.0190451,-0.0356777,0.999171,0.0197292,0.130047,-0.0322173,-0.0208808,0.999266,0.365676,0,0,0,1
132822480250110438,589.791,589.869,0.998524,0.0368109,0.0400037,0.00645554,-0.0370525,0.999301,0.00533515,0.1328,-0.0397803,-0.00680909,0.999189,0.377283,0,0,0,1
132822480250776832,589.791,589.869,0.997935,0.0479263,0.0428178,0.0327492,-0.0468423,0.998567,-0.0259517,0.137109,-0.0440008,0.023893,0.998749,0.389152,0,0,0,1
132822480253109213,588.629,588.689,0.997811,0.0447432,0.04874,0.103796,-0.0363229,0.986176,-0.161683,0.150353,-0.0553009,0.159559,0.985642,0.428978,0,0,0,1
132822480253442411,588.049,588.098,0.997648,0.0413139,0.0547445,0.110043,-0.0318269,0.985943,-0.164036,0.150129,-0.0607525,0.161908,0.984938,0.431573,0,0,0,1
132822480253775607,587.661,587.705,0.9973,0.0399494,0.0616531,0.115619,-0.029251,0.985767,-0.165568,0.150012,-0.0673906,0.163318,0.984273,0.433774,0,0,0,1
132822480254108805,587.661,587.705,0.996846,0.0395161,0.0688586,0.120443,-0.0277029,0.985948,-0.16475,0.150004,-0.0744018,0.162323,0.983932,0.435489,0,0,0,1
132822480254775198,587.661,587.705,0.995888,0.036582,0.0829037,0.128024,-0.0235568,0.987954,-0.152954,0.149675,-0.087501,0.150372,0.984753,0.437588,0,0,0,1
132822480255108396,587.661,587.705,0.995339,0.0352799,0.0897807,0.131059,-0.0219327,0.989115,-0.145516,0.149423,-0.0939375,0.142869,0.985277,0.438275,0,0,0,1
132822480255774791,587.661,587.705,0.99406,0.0369349,0.102394,0.136529,-0.0225915,0.990198,-0.137848,0.149018,-0.106481,0.134716,0.98515,0.440135,0,0,0,1
132822480256107988,587.661,587.705,0.993477,0.0399502,0.106832,0.139154,-0.025028,0.990184,-0.137526,0.148656,-0.111278,0.133956,0.984724,0.441306,0,0,0,1
132822480256441184,587.661,587.705,0.993011,0.0431323,0.109879,0.141737,-0.0277555,0.990073,-0.137802,0.148118,-0.114732,0.133789,0.98435,0.442491,0,0,0,1
132822480256774382,587.661,587.705,0.992684,0.0458269,0.111731,0.144122,-0.0302998,0.990125,-0.136893,0.147516,-0.116902,0.132506,0.984268,0.443388,0,0,0,1
132822480257107580,587.661,587.705,0.992468,0.0478425,0.112796,0.14618,-0.0326618,0.99061,-0.132778,0.14682,-0.11809,0.128094,0.98471,0.443798,0,0,0,1
132822480257440777,587.661,587.705,0.992288,0.0485278,0.114078,0.14777,-0.0340874,0.991538,-0.12528,0.145999,-0.119193,0.120425,0.985544,0.443694,0,0,0,1
132822480257773974,587.661,587.705,0.992061,0.0487317,0.115954,0.149018,-0.0347771,0.992233,-0.119453,0.145448,-0.120875,0.114473,0.986049,0.443581,0,0,0,1
132822480258107171,587.661,587.705,0.9917,0.0489882,0.118898,0.149913,-0.0350554,0.992567,-0.11656,0.145151,-0.123725,0.111425,0.986044,0.443563,0,0,0,1
132822480258773566,587.661,587.705,0.990541,0.0511301,0.127353,0.150909,-0.0365888,0.992808,-0.114004,0.14457,-0.132267,0.108266,0.985288,0.443768,0,0,0,1
132822480259106762,587.661,587.705,0.989714,0.0518849,0.133338,0.150853,-0.0370246,0.993065,-0.111598,0.144151,-0.138204,0.105514,0.984771,0.44377,0,0,0,1
132822480259439960,587.661,587.705,0.988686,0.05194,0.140735,0.150426,-0.0369185,0.993541,-0.107315,0.143613,-0.145401,0.100906,0.984217,0.443471,0,0,0,1
132822480259773157,587.661,587.705,0.987291,0.0512977,0.150435,0.149503,-0.0361001,0.994125,-0.102065,0.143093,-0.154787,0.0953373,0.983341,0.44305,0,0,0,1
132822480260106355,587.661,587.705,0.985233,0.0497773,0.16384,0.147935,-0.0341629,0.994722,-0.0967725,0.142521,-0.167793,0.0897466,0.981732,0.442408,0,0,0,1
132822480260439552,587.661,587.705,0.981804,0.0478528,0.183781,0.145419,-0.0313553,0.9953,-0.0916441,0.141805,-0.187303,0.084214,0.978689,0.44179,0,0,0,1
132822480260772749,587.661,587.705,0.976049,0.0458195,0.212682,0.141564,-0.0278845,0.995857,-0.0865709,0.141013,-0.215768,0.0785672,0.973282,0.441202,0,0,0,1
132822480261105946,587.661,587.705,0.966777,0.0433583,0.251928,0.136283,-0.0237427,0.996484,-0.0803834,0.140055,-0.254528,0.0717316,0.964405,0.441104,0,0,0,1
132822480261439143,587.661,587.705,0.953798,0.040667,0.297691,0.129961,-0.0197877,0.997151,-0.0728166,0.138913,-0.299804,0.0635618,0.951884,0.441315,0,0,0,1
132822480261772341,587.661,587.705,0.938167,0.0373236,0.344173,0.123352,-0.0165619,0.997874,-0.0630656,0.137482,-0.345795,0.0534662,0.936789,0.441836,0,0,0,1
132822480262438735,587.661,587.705,0.905399,0.0263867,0.423747,0.111794,-0.012843,0.999315,-0.0347847,0.133505,-0.424374,0.0260519,0.905116,0.442615,0,0,0,1
132822480262771932,587.661,587.705,0.892118,0.0204283,0.451345,0.107451,-0.0145032,0.999759,-0.0165814,0.1309,-0.451575,0.00824723,0.892199,0.442318,0,0,0,1
132822480263438327,587.661,587.705,0.877534,0.00552478,0.479488,0.102192,-0.0216697,0.999371,0.0281453,0.124592,-0.479031,-0.0350883,0.8771,0.439842,0,0,0,1
132822480264771116,587.661,587.705,0.881957,-0.0196613,0.470926,0.100749,-0.0316354,0.994409,0.100766,0.113882,-0.470273,-0.103769,0.876403,0.433048,0,0,0,1
132822480265437510,587.661,587.705,0.889303,-0.0194705,0.45691,0.10273,-0.0379764,0.992501,0.116211,0.111552,-0.455745,-0.120698,0.881893,0.431586,0,0,0,1
132822480265770707,587.661,587.705,0.893422,-0.0182025,0.448855,0.10421,-0.0407614,0.991775,0.121354,0.11014,-0.447371,-0.126716,0.88533,0.431763,0,0,0,1
132822480266770299,587.661,587.705,0.902748,-0.0142573,0.429942,0.10807,-0.0466865,0.990303,0.130867,0.10888,-0.427637,-0.138212,0.893326,0.432605,0,0,0,1
132822480267769891,587.661,587.705,0.908836,-0.0130036,0.416959,0.111343,-0.0476172,0.989751,0.134657,0.108683,-0.414436,-0.142236,0.8989,0.434399,0,0,0,1
132822480268769482,587.661,587.705,0.912353,-0.00896558,0.409315,0.114427,-0.049156,0.990132,0.131256,0.109662,-0.406452,-0.139872,0.902907,0.43716,0,0,0,1
132822480269435877,587.661,587.705,0.91527,-0.004518,0.402824,0.116974,-0.0500664,0.990911,0.124872,0.110906,-0.399726,-0.134459,0.906724,0.439388,0,0,0,1
132822480270102271,587.661,587.705,0.918673,1.84476e-05,0.395029,0.119714,-0.0504066,0.991834,0.117179,0.112331,-0.3918,-0.127561,0.91117,0.441793,0,0,0,1
132822480270435468,587.661,587.705,0.920522,0.00215873,0.390694,0.12107,-0.0505314,0.992246,0.113576,0.113031,-0.387419,-0.124291,0.913492,0.442926,0,0,0,1
132822480270768665,587.661,587.705,0.92238,0.00409737,0.386273,0.122488,-0.0505139,0.99264,0.110093,0.113697,-0.382978,-0.121059,0.915796,0.443999,0,0,0,1
132822480271101863,587.661,587.705,0.924067,0.00541025,0.382199,0.123742,-0.0500659,0.993001,0.106992,0.114552,-0.378944,-0.118003,0.917869,0.445086,0,0,0,1
132822480272767848,587.661,587.705,0.928559,0.0112059,0.371022,0.128925,-0.0486419,0.9946,0.0916973,0.117017,-0.36799,-0.103194,0.924089,0.450222,0,0,0,1
132822480273434243,587.661,587.705,0.930532,0.0152733,0.365901,0.131311,-0.0499711,0.995082,0.0855473,0.118478,-0.362795,-0.0978893,0.926717,0.449258,0,0,0,1
132822480273767440,587.661,587.705,0.932017,0.0185129,0.361948,0.132772,-0.0512802,0.995385,0.0811355,0.1192,-0.358775,-0.0941808,0.928664,0.44905,0,0,0,1
132822480274100637,587.661,587.705,0.933843,0.0216133,0.357038,0.134478,-0.0522116,0.99572,0.0762862,0.119902,-0.35386,-0.0898809,0.930973,0.448986,0,0,0,1
132822480274433834,587.661,587.705,0.935936,0.0246212,0.351316,0.136317,-0.0530747,0.996023,0.0715923,0.120482,-0.348155,-0.0856523,0.933519,0.448947,0,0,0,1
132822480274767032,587.661,587.705,0.938149,0.0273086,0.345162,0.138311,-0.053785,0.996279,0.0673644,0.121033,-0.342038,-0.0817625,0.936126,0.449021,0,0,0,1
132822480275100228,587.661,587.705,0.940445,0.0302444,0.338606,0.14054,-0.0547625,0.996506,0.0630899,0.121544,-0.335514,-0.0778758,0.938814,0.449155,0,0,0,1
132822480276099820,587.661,587.705,0.946983,0.0395387,0.318849,0.147839,-0.0585831,0.997014,0.0503591,0.12267,-0.315905,-0.0663686,0.94647,0.449563,0,0,0,1
132822480277099412,587.661,587.705,0.952239,0.0477543,0.301605,0.155102,-0.0652991,0.996696,0.0483554,0.121803,-0.298299,-0.0657409,0.95221,0.449321,0,0,0,1
132822480278432201,587.661,587.705,0.962328,0.0619545,0.26475,0.165586,-0.0780638,0.995658,0.0507568,0.119956,-0.260456,-0.0695124,0.962984,0.448181,0,0,0,1
132822480279098595,587.661,587.705,0.969245,0.0681811,0.236474,0.171236,-0.0829423,0.995144,0.0530365,0.119074,-0.231709,-0.0710194,0.970192,0.447412,0,0,0,1
132822480279431793,587.661,587.705,0.972577,0.0709376,0.221514,0.173875,-0.0849115,0.994915,0.0542011,0.118626,-0.216543,-0.0715241,0.973653,0.447015,0,0,0,1
132822480280098187,587.661,587.705,0.978447,0.0744173,0.192637,0.178269,-0.0867946,0.994618,0.0566218,0.117893,-0.187387,-0.0721216,0.979638,0.44585,0,0,0,1
132822480280431384,587.661,587.705,0.980883,0.074677,0.179715,0.179948,-0.086419,0.994547,0.0584119,0.117564,-0.174373,-0.0728263,0.981986,0.445047,0,0,0,1
132822480281764173,587.661,587.705,0.986734,0.0691413,0.146906,0.18345,-0.0800169,0.994373,0.0694549,0.116043,-0.141277,-0.0802888,0.986712,0.440224,0,0,0,1
132822480282097370,587.661,587.705,0.987646,0.0672934,0.141537,0.183902,-0.0781983,0.994267,0.072948,0.115696,-0.135817,-0.083115,0.987245,0.438502,0,0,0,1
132822480282430567,587.661,587.705,0.988525,0.0654877,0.136143,0.184362,-0.0763176,0.994192,0.0759134,0.11546,-0.130381,-0.0854326,0.98778,0.436576,0,0,0,1
132822480283096961,587.661,587.705,0.990275,0.0626467,0.124243,0.185272,-0.0730498,0.994033,0.081027,0.114656,-0.118425,-0.0893151,0.988941,0.432318,0,0,0,1
132822480283430158,587.661,587.705,0.991041,0.0615467,0.118555,0.185601,-0.0716347,0.99399,0.0827999,0.11439,-0.112747,-0.0905507,0.989492,0.429626,0,0,0,1
132822480283763356,587.661,587.705,0.991735,0.0613975,0.112686,0.18577,-0.0710395,0.993962,0.083648,0.114336,-0.10687,-0.0909618,0.990107,0.426596,0,0,0,1
132822480284096553,587.661,587.705,0.99236,0.0614217,0.107027,0.185619,-0.0706472,0.993905,0.0846558,0.114495,-0.101175,-0.0915703,0.990649,0.423104,0,0,0,1
132822480284762948,587.661,587.705,0.993609,0.0595985,0.0958909,0.184298,-0.0679697,0.993929,0.0865478,0.114996,-0.0901503,-0.0925122,0.991625,0.414855,0,0,0,1
132822480285096145,587.661,587.705,0.994281,0.0583425,0.08948,0.183248,-0.0661311,0.994039,0.0867086,0.11521,-0.0838879,-0.0921303,0.99221,0.410084,0,0,0,1
132822480285429342,587.661,587.705,0.995006,0.0574012,0.0816898,0.181932,-0.0644554,0.994165,0.0865186,0.115267,-0.0762469,-0.0913522,0.992899,0.404806,0,0,0,1
132822480285762539,587.661,587.705,0.995716,0.0571122,0.0727565,0.180393,-0.0632911,0.994313,0.085667,0.115278,-0.0674504,-0.089905,0.993667,0.399065,0,0,0,1
132822480286428933,587.661,587.705,0.997026,0.0579274,0.0508881,0.176077,-0.0620933,0.994488,0.0845138,0.114461,-0.0457121,-0.0874227,0.995125,0.386274,0,0,0,1
132822480286762131,587.661,587.705,0.997633,0.0571389,0.0383245,0.173182,-0.0602728,0.994442,0.0863438,0.114033,-0.0331782,-0.0884493,0.995532,0.379372,0,0,0,1
132822480287095328,587.661,587.705,0.998225,0.0541493,0.0249157,0.169644,-0.0561579,0.994483,0.088616,0.114296,-0.0199799,-0.0898577,0.995757,0.372357,0,0,0,1
132822480287428525,587.661,587.705,0.998765,0.0484821,0.0111191,0.165467,-0.0492833,0.994781,0.0893639,0.11521,-0.00672886,-0.0898018,0.995941,0.365204,0,0,0,1
132822480287761722,587.661,587.705,0.999184,0.0403884,-0.0026218,0.160766,-0.0399967,0.995256,0.0887161,0.116463,0.00619195,-0.0885391,0.996057,0.358028,0,0,0,1
132822480288761314,587.661,587.705,0.999259,0.0155352,-0.0353055,0.145216,-0.0126785,0.996738,0.0797322,0.119823,0.0364288,-0.0792255,0.996194,0.336933,0,0,0,1
132822480289094511,587.661,587.705,0.999074,0.0110447,-0.041654,0.139808,-0.00785238,0.997077,0.0760286,0.12108,0.0423715,-0.0756312,0.996238,0.329879,0,0,0,1
132822480289427708,587.661,587.705,0.998906,0.00770575,-0.0461748,0.134403,-0.00435594,0.997382,0.0722069,0.122533,0.0466099,-0.0719268,0.996323,0.322785,0,0,0,1
132822480289760905,587.661,587.705,0.998764,0.00466365,-0.0495537,0.128985,-0.00125131,0.997641,0.068662,0.123961,0.0497566,-0.068515,0.996412,0.31568,0,0,0,1
132822480290094103,587.661,587.705,0.998648,0.00199586,-0.0520003,0.123542,0.00140554,0.997867,0.0652869,0.125281,0.0520195,-0.0652717,0.996514,0.308428,0,0,0,1
132822480290427300,587.661,587.705,0.998607,2.83718e-05,-0.0528227,0.117938,0.00331551,0.997997,0.0632095,0.126192,0.0527182,-0.0632967,0.996605,0.301171,0,0,0,1
132822480291093694,587.661,587.705,0.998745,-0.000419229,-0.0501326,0.106345,0.00360104,0.997985,0.0633848,0.126848,0.0500048,-0.0634857,0.996732,0.28686,0,0,0,1
132822480291426891,587.661,587.705,0.998831,0.000411928,-0.0483984,0.100508,0.00264841,0.998003,0.0631442,0.12686,0.0483274,-0.0631988,0.996833,0.280098,0,0,0,1
132822480292093285,587.661,587.705,0.99897,0.000840604,-0.0454311,0.088712,0.00198823,0.998065,0.0621745,0.12672,0.0453953,-0.0622009,0.997034,0.267815,0,0,0,1
132822480292426483,587.661,587.705,0.99902,0.000301987,-0.0443193,0.082591,0.00250366,0.997998,0.0632298,0.126394,0.0442492,-0.0632786,0.997018,0.262488,0,0,0,1
132822480292759680,587.661,587.705,0.999118,-0.000920236,-0.042052,0.0760692,0.00365037,0.997888,0.0648853,0.12588,0.041903,-0.0649814,0.99701,0.257714,0,0,0,1
132822480293092877,587.661,587.705,0.999317,-0.00403777,-0.0368153,0.0690264,0.00643191,0.997858,0.0651364,0.125326,0.0364728,-0.0653287,0.9972,0.253884,0,0,0,1
132822480293426075,587.661,587.705,0.999594,-0.00785425,-0.0274792,0.0615728,0.00950378,0.99813,0.0604163,0.125239,0.0269531,-0.0606532,0.997798,0.250913,0,0,0,1
132822480293759271,587.661,587.705,0.99983,-0.00901809,-0.0162909,0.0540528,0.00991094,0.998408,0.0555575,0.124634,0.0157637,-0.0557095,0.998326,0.248741,0,0,0,1
132822480294758863,587.661,587.705,0.999754,-0.0149192,0.016616,0.0336561,0.0139894,0.998404,0.0547553,0.120361,-0.0174068,-0.0545094,0.998365,0.245617,0,0,0,1
132822480295092060,587.661,587.705,0.999533,-0.0178789,0.0248899,0.0283406,0.0163962,0.998151,0.0585655,0.118851,-0.0258912,-0.0581303,0.997977,0.245787,0,0,0,1
132822480295758455,587.661,587.705,0.999084,-0.0213372,0.0371719,0.0203407,0.0189489,0.997806,0.063463,0.11783,-0.0384447,-0.0627007,0.997295,0.24812,0,0,0,1
132822480296424849,587.661,587.705,0.998845,-0.0200115,0.0437188,0.0157219,0.0172296,0.997859,0.0631193,0.118292,-0.0448883,-0.0622929,0.997051,0.252157,0,0,0,1
132822480299090426,589.21,589.279,0.999146,-0.0188266,0.0368326,0.0154857,0.0174496,0.999151,0.0373678,0.121565,-0.0375047,-0.0366929,0.998626,0.266903,0,0,0,1
132822480299756821,590.372,590.46,0.999119,-0.013047,0.0399285,0.0171421,0.0117833,0.999429,0.0317398,0.121776,-0.0403198,-0.0312409,0.998701,0.269218,0,0,0,1
132822480300090018,590.953,591.05,0.998977,-0.0129769,0.0434134,0.0172411,0.0117093,0.999504,0.0293436,0.121947,-0.0437739,-0.028804,0.998631,0.270136,0,0,0,1
132822480301089609,589.21,589.279,0.997562,-0.0179577,0.0674965,0.0134313,0.0164846,0.999618,0.0223299,0.122055,-0.0678729,-0.0211614,0.997474,0.272453,0,0,0,1
132822480301422806,588.436,588.492,0.996397,-0.0211635,0.0821844,0.0108426,0.0195017,0.999593,0.0209795,0.121992,-0.0825959,-0.0193,0.996401,0.27333,0,0,0,1
132822480301756004,588.436,588.492,0.994674,-0.0258189,0.0998279,0.00784373,0.0240326,0.999533,0.0190648,0.122038,-0.100274,-0.0165629,0.994827,0.274238,0,0,0,1
132822480302089201,588.436,588.492,0.992105,-0.0304789,0.121683,0.00448614,0.0285695,0.999444,0.0174113,0.122189,-0.122147,-0.0137961,0.992421,0.275192,0,0,0,1
132822480302422398,588.436,588.492,0.989339,-0.0339705,0.141639,0.00171846,0.0320342,0.999363,0.0159325,0.122374,-0.142091,-0.0112244,0.989795,0.276064,0,0,0,1
132822480302755595,588.436,588.492,0.98714,-0.036675,0.155624,6.95586e-05,0.0348137,0.999289,0.0146762,0.122523,-0.156053,-0.00906822,0.987712,0.27679,0,0,0,1
132822480303088792,588.436,588.492,0.985505,-0.037898,0.165384,-0.000615478,0.0361939,0.999259,0.0133113,0.122662,-0.165767,-0.00713098,0.986144,0.27741,0,0,0,1
132822480303421989,588.436,588.492,0.984446,-0.036181,0.171944,-0.000451744,0.0344684,0.999325,0.0129405,0.122688,-0.172297,-0.00681171,0.985026,0.277869,0,0,0,1
132822480303755187,588.436,588.492,0.98432,-0.0328565,0.173327,0.000616968,0.0310693,0.999436,0.0130185,0.122647,-0.173658,-0.00742817,0.984783,0.27821,0,0,0,1
132822480304088384,588.436,588.492,0.985152,-0.0291573,0.169215,0.00251329,0.0272843,0.999541,0.0133891,0.122514,-0.169529,-0.0085721,0.985493,0.278442,0,0,0,1
132822480305087976,588.436,588.492,0.991759,-0.0120263,0.127589,0.0126357,0.00969154,0.999778,0.0189111,0.121256,-0.127789,-0.0175176,0.991651,0.277904,0,0,0,1
132822480305754370,588.436,588.492,0.996374,0.00297353,0.0850801,0.0214351,-0.00522602,0.999644,0.0262721,0.119978,-0.0849724,-0.0266205,0.996032,0.276946,0,0,0,1
132822480306087567,588.436,588.492,0.998052,0.0106333,0.061546,0.0260284,-0.0125249,0.999461,0.0304458,0.119284,-0.0611902,-0.0311563,0.997645,0.276467,0,0,0,1
132822480306420764,588.436,588.492,0.999036,0.0181823,0.0400478,0.0302487,-0.0195562,0.999227,0.0342057,0.118633,-0.039396,-0.0349547,0.998617,0.276047,0,0,0,1
132822480306753962,588.436,588.492,0.999431,0.0259072,0.0217669,0.033927,-0.0267057,0.998952,0.0372652,0.118029,-0.0207798,-0.0378242,0.999073,0.275681,0,0,0,1
132822480307087159,588.436,588.492,0.999456,0.0327448,0.00481662,0.0371929,-0.0329128,0.998638,0.040572,0.117408,-0.00348304,-0.0407076,0.99917,0.275358,0,0,0,1
132822480307420356,588.436,588.492,0.999193,0.0389631,-0.0101378,0.0400169,-0.0384768,0.998279,0.0443378,0.116806,0.0118464,-0.043911,0.99897,0.275041,0,0,0,1
132822480307753553,588.436,588.492,0.998718,0.0444851,-0.0242891,0.0425661,-0.0432836,0.997917,0.0478999,0.116238,0.0263678,-0.0467859,0.998562,0.274734,0,0,0,1
132822480308086750,588.436,588.492,0.99812,0.04829,-0.0378575,0.0448036,-0.0463481,0.997648,0.050575,0.115773,0.0402091,-0.0487241,0.998008,0.274386,0,0,0,1
132822480308419947,588.436,588.492,0.997528,0.0510754,-0.0483577,0.0465411,-0.0485441,0.997463,0.052135,0.115409,0.0508961,-0.0496573,0.997474,0.274102,0,0,0,1
132822480308753144,588.436,588.492,0.997065,0.0530705,-0.0552632,0.0476257,-0.0501471,0.997339,0.0529919,0.115086,0.0579266,-0.0500637,0.997069,0.273813,0,0,0,1
132822480309086341,588.436,588.492,0.996778,0.0542079,-0.0591884,0.048192,-0.0510175,0.997233,0.0541306,0.114757,0.0619574,-0.0509353,0.996783,0.273496,0,0,0,1
132822480309752736,588.436,588.492,0.996476,0.0542724,-0.0640104,0.0486983,-0.0506515,0.997099,0.0568808,0.114088,0.0669103,-0.053437,0.996332,0.272792,0,0,0,1
132822480310085933,588.436,588.492,0.996356,0.0540858,-0.0660001,0.0488806,-0.0502902,0.99706,0.0578626,0.1139,0.0689347,-0.0543316,0.996144,0.272392,0,0,0,1
132822480310752328,588.436,588.492,0.996046,0.0548014,-0.0699743,0.0494153,-0.0507116,0.996976,0.0589323,0.113503,0.0729912,-0.0551499,0.995811,0.271746,0,0,0,1
132822480311085525,588.436,588.492,0.995844,0.0555227,-0.0722485,0.0497655,-0.0512838,0.996928,0.059249,0.113294,0.0753153,-0.0552965,0.995629,0.27139,0,0,0,1
132822480311418721,588.436,588.492,0.995631,0.0563964,-0.0744647,0.0501158,-0.0520243,0.996881,0.0593923,0.113166,0.0775808,-0.0552579,0.995458,0.2711,0,0,0,1
132822480313084707,588.436,588.492,0.994079,0.0612539,-0.0897861,0.0524337,-0.0563299,0.996822,0.0563774,0.113337,0.092953,-0.0509849,0.994368,0.269405,0,0,0,1
132822480313751102,588.436,588.492,0.993207,0.0614808,-0.0988254,0.0533869,-0.0565124,0.997034,0.0523033,0.113986,0.101747,-0.0463618,0.993733,0.268784,0,0,0,1
132822480314417496,588.436,588.492,0.992137,0.0599058,-0.109922,0.0541505,-0.0549402,0.997355,0.0476546,0.114549,0.112484,-0.0412398,0.992801,0.268026,0,0,0,1
132822480314750693,588.436,588.492,0.991617,0.0592286,-0.114872,0.0544299,-0.0541985,0.997453,0.0464248,0.11465,0.117328,-0.039809,0.992299,0.267659,0,0,0,1
132822480315417088,588.436,588.492,0.990842,0.058209,-0.121864,0.0544528,-0.0530971,0.997588,0.0447785,0.114841,0.124175,-0.0378969,0.99154,0.266742,0,0,0,1
132822480315750285,588.436,588.492,0.99052,0.0575652,-0.124752,0.0542737,-0.0525856,0.9977,0.0428438,0.115121,0.12693,-0.0358768,0.991267,0.266368,0,0,0,1
132822480316083482,588.436,588.492,0.990136,0.0569025,-0.128063,0.0540758,-0.0521479,0.997833,0.0401767,0.115521,0.130071,-0.0331014,0.990956,0.266029,0,0,0,1
132822480316416679,588.436,588.492,0.989716,0.0558152,-0.131731,0.0539035,-0.051409,0.998009,0.0366121,0.116059,0.133511,-0.0294623,0.990613,0.265838,0,0,0,1
132822480317749468,587.661,587.705,0.987951,0.047564,-0.147299,0.0527501,-0.045059,0.998781,0.0202929,0.118389,0.148084,-0.0134105,0.988888,0.265112,0,0,0,1
132822480318082665,587.661,587.705,0.987578,0.0454679,-0.150429,0.0523942,-0.0434008,0.998916,0.0169928,0.118841,0.151037,-0.0102522,0.988479,0.264757,0,0,0,1
132822480319082256,587.661,587.705,0.986659,0.0403882,-0.157731,0.0510537,-0.0395102,0.999184,0.00869417,0.119928,0.157952,-0.00234514,0.987448,0.263784,0,0,0,1
132822480319415454,587.661,587.705,0.986355,0.0391958,-0.159919,0.0506518,-0.0386851,0.999234,0.00630081,0.12025,0.160043,-2.74777e-05,0.987114,0.263446,0,0,0,1
132822480319748651,587.661,587.705,0.985977,0.0381224,-0.162492,0.0503541,-0.0379788,0.999273,0.00398603,0.120571,0.162525,0.00224212,0.986706,0.262993,0,0,0,1
132822480320081848,587.661,587.705,0.985601,0.037322,-0.164942,0.0501274,-0.037424,0.999299,0.00248593,0.120816,0.164918,0.00372326,0.986304,0.262382,0,0,0,1
132822480320415045,587.661,587.705,0.985293,0.0368625,-0.166871,0.0499197,-0.0371025,0.999313,0.00167567,0.120915,0.166817,0.00454125,0.985981,0.261806,0,0,0,1
132822480321081440,587.661,587.705,0.98487,0.0371067,-0.1693,0.0493192,-0.037492,0.999299,0.000916898,0.120972,0.169215,0.00544533,0.985568,0.260337,0,0,0,1
132822480321414637,587.661,587.705,0.9848,0.0370213,-0.169722,0.0487801,-0.0373974,0.999303,0.000977159,0.121055,0.169638,0.00538546,0.985496,0.259187,0,0,0,1
132822480321747834,587.661,587.705,0.984798,0.0372317,-0.169686,0.0477461,-0.0374972,0.999298,0.00163707,0.121985,0.169626,0.00475144,0.9855,0.264447,0,0,0,1
132822480322081031,587.661,587.705,0.984856,0.0369603,-0.169413,0.0471878,-0.0371371,0.99931,0.00212073,0.121964,0.169372,0.00420362,0.985547,0.262897,0,0,0,1
132822480322414228,587.661,587.705,0.984984,0.0368907,-0.16868,0.0465591,-0.0369577,0.999316,0.00273871,0.121958,0.168664,0.00353721,0.985671,0.261852,0,0,0,1
132822480323413819,587.661,587.705,0.985547,0.0350288,-0.165765,0.0448402,-0.0348109,0.999388,0.00421569,0.121331,0.165809,0.00161621,0.98616,0.25241,0,0,0,1
132822480324080214,587.661,587.705,0.986083,0.0332235,-0.162925,0.043408,-0.0328726,0.99945,0.00484464,0.121384,0.162994,0.000579447,0.98663,0.250287,0,0,0,1
132822480324413411,587.661,587.705,0.986366,0.0323555,-0.161379,0.0427558,-0.0319464,0.999479,0.00512603,0.121426,0.161459,0.000100046,0.986883,0.249297,0,0,0,1
132822480324746608,587.661,587.705,0.986627,0.0316798,-0.159909,0.0422005,-0.031204,0.9995,0.00548163,0.121426,0.16,-0.000417948,0.98712,0.248282,0,0,0,1
132822480325079805,587.661,587.705,0.986844,0.0311182,-0.158678,0.0416788,-0.0305874,0.999518,0.0057812,0.121451,0.158779,-0.000850767,0.987317,0.247157,0,0,0,1
132822480325413003,587.661,587.705,0.987054,0.030753,-0.157433,0.0412828,-0.03019,0.999529,0.00596169,0.121406,0.15754,-0.001131,0.987515,0.246203,0,0,0,1
132822480325746200,587.661,587.705,0.987242,0.0306934,-0.156265,0.0409309,-0.030055,0.99953,0.00644213,0.121358,0.156388,-0.00166246,0.987698,0.245129,0,0,0,1
132822480326079397,587.661,587.705,0.987411,0.0307357,-0.155182,0.0407152,-0.0299936,0.999527,0.00711849,0.121271,0.155326,-0.00237396,0.987863,0.244133,0,0,0,1
132822480326412594,587.661,587.705,0.987542,0.0306786,-0.154358,0.0405343,-0.0298385,0.999527,0.00775203,0.121141,0.154521,-0.00304881,0.987988,0.243193,0,0,0,1
132822480327078988,587.661,587.705,0.98783,0.0302262,-0.152593,0.0402102,-0.0292189,0.999537,0.00883493,0.12095,0.152787,-0.00426793,0.988253,0.241391,0,0,0,1
132822480327412185,587.661,587.705,0.988011,0.0299283,-0.151478,0.040037,-0.0288832,0.999544,0.00909036,0.120863,0.151679,-0.00460529,0.988422,0.240465,0,0,0,1
132822480327745382,587.661,587.705,0.988202,0.0299513,-0.150225,0.0399179,-0.0287853,0.999538,0.0099254,0.120774,0.150451,-0.00548303,0.988605,0.239424,0,0,0,1
132822480328411776,587.661,587.705,0.988766,0.0294919,-0.146561,0.0395036,-0.0280856,0.99954,0.0116506,0.120584,0.146836,-0.00740251,0.989136,0.237518,0,0,0,1
132822480329078171,587.661,587.705,0.989596,0.0279941,-0.141147,0.0388979,-0.0263948,0.999567,0.0131861,0.120443,0.141453,-0.00932261,0.989904,0.235528,0,0,0,1
132822480329411368,587.661,587.705,0.9902,0.0274599,-0.136958,0.0384777,-0.0257994,0.999573,0.0138796,0.120378,0.137279,-0.0102096,0.990483,0.234537,0,0,0,1
132822480330077763,587.661,587.705,0.9917,0.0266794,-0.125801,0.0376681,-0.024967,0.999576,0.0151636,0.12015,0.12615,-0.0118961,0.991943,0.232708,0,0,0,1
132822480330410959,587.661,587.705,0.992554,0.0266118,-0.118893,0.0372347,-0.0248999,0.999567,0.015856,0.119935,0.119261,-0.0127766,0.992783,0.23189,0,0,0,1
132822480330744157,587.661,587.705,0.993544,0.026593,-0.110318,0.0366501,-0.024881,0.999551,0.0168609,0.119698,0.110715,-0.0140063,0.993756,0.231162,0,0,0,1
132822480331743748,587.661,587.705,0.996631,0.0271848,-0.0774181,0.0340446,-0.0257083,0.999472,0.0199964,0.118989,0.0779192,-0.0179378,0.996801,0.22954,0,0,0,1
132822480332076945,587.661,587.705,0.99746,0.0274331,-0.0657976,0.0330784,-0.0262002,0.999469,0.0195146,0.118965,0.0662962,-0.0177404,0.997645,0.229323,0,0,0,1
132822480333742931,587.661,587.705,0.999574,0.0291485,-0.00295767,0.0273748,-0.0291202,0.999538,0.008984,0.120207,0.00321685,-0.00889334,0.999958,0.231123,0,0,0,1
132822480335408917,587.661,587.705,0.997863,0.0398155,0.0518824,0.0233555,-0.0398217,0.999209,-0.000901818,0.121285,-0.0518786,-0.00116554,0.998656,0.234929,0,0,0,1
132822480336075311,587.661,587.705,0.997109,0.0453959,0.0609867,0.0234385,-0.0453274,0.998971,-0.00249755,0.121416,-0.0610386,-0.000273556,0.998138,0.236534,0,0,0,1
132822480336741704,588.436,588.492,0.996973,0.0479097,0.0612948,0.0242302,-0.0477837,0.998854,-0.00350693,0.1216,-0.0613938,0.000567973,0.998117,0.23797,0,0,0,1
132822480337074903,589.21,589.279,0.997074,0.0484157,0.0592139,0.0247778,-0.0482402,0.998828,-0.00437933,0.121711,-0.0593577,0.00151038,0.998238,0.238671,0,0,0,1
132822480337741297,590.372,590.46,0.997261,0.0495537,0.0549702,0.0253199,-0.0493342,0.99877,-0.00533348,0.121755,-0.0551677,0.00260803,0.998477,0.241681,0,0,0,1
132822480338407691,590.372,590.46,0.997348,0.0507198,0.0522598,0.026292,-0.0504925,0.998711,-0.00565073,0.121616,-0.05248,0.00299796,0.998621,0.242733,0,0,0,1
132822480339074085,589.21,589.279,0.997392,0.0509515,0.051181,0.0266996,-0.0507238,0.998699,-0.00572866,0.121763,-0.0514071,0.00311843,0.998676,0.243315,0,0,0,1
132822480339407282,588.436,588.492,0.997397,0.0508836,0.0511517,0.0272718,-0.0506574,0.998702,-0.0056994,0.121822,-0.0513762,0.00309429,0.998678,0.242167,0,0,0,1
132822480339740480,588.436,588.492,0.997392,0.050846,0.0512744,0.0273274,-0.0506338,0.998705,-0.00542375,0.121874,-0.0514845,0.00281438,0.998673,0.242398,0,0,0,1
132822480340073677,588.436,588.492,0.997403,0.0506819,0.0512378,0.0273402,-0.0505128,0.998715,-0.00458175,0.121794,-0.0514051,0.00198263,0.99868,0.242563,0,0,0,1
132822480340406874,588.436,588.492,0.997435,0.050469,0.0508322,0.0273799,-0.0503626,0.998728,-0.00336292,0.121612,-0.0509381,0.000795096,0.998705,0.242612,0,0,0,1
132822480340740071,588.436,588.492,0.997454,0.0504923,0.0504249,0.0274398,-0.05045,0.998727,-0.00210437,0.121455,-0.0504679,-0.000444323,0.998729,0.242696,0,0,0,1
132822480341073268,588.436,588.492,0.99747,0.050594,0.0500074,0.0274801,-0.0506103,0.99872,-0.000930279,0.12131,-0.0499913,-0.00160196,0.998752,0.242728,0,0,0,1
132822480341406466,588.436,588.492,0.997482,0.050683,0.0496806,0.0275079,-0.050751,0.998713,0.0001221,0.12116,-0.0496112,-0.00264183,0.998769,0.24275,0,0,0,1
132822480342072859,588.436,588.492,0.997513,0.0507838,0.0489425,0.0275306,-0.0509168,0.998704,0.00148705,0.120986,-0.0488046,-0.00397432,0.998803,0.242988,0,0,0,1
132822480342406057,588.436,588.492,0.997534,0.0504509,0.0488673,0.0274914,-0.0505961,0.99872,0.00174871,0.120938,-0.0487173,-0.00421599,0.998807,0.24323,0,0,0,1
132822480342739254,588.436,588.492,0.997549,0.050006,0.049008,0.0273302,-0.0501587,0.998742,0.00190297,0.120942,-0.048852,-0.00435534,0.9988,0.24343,0,0,0,1
132822480343405649,588.436,588.492,0.997586,0.0487023,0.0495798,0.0269157,-0.0488629,0.998806,0.00203884,0.120929,-0.0494221,-0.00445583,0.998771,0.243955,0,0,0,1
132822480343738845,588.436,588.492,0.997613,0.0478842,0.0498177,0.0267147,-0.04805,0.998845,0.00214601,0.120933,-0.0496581,-0.00453365,0.99876,0.244179,0,0,0,1
132822480344072043,588.436,588.492,0.997646,0.046997,0.0500001,0.0265024,-0.0471796,0.998886,0.00248674,0.120904,-0.0498283,-0.004839,0.998749,0.244357,0,0,0,1
132822480344405240,588.436,588.492,0.997656,0.0460421,0.050671,0.0262349,-0.0462497,0.998928,0.00293982,0.120855,-0.0504819,-0.00527555,0.998714,0.244414,0,0,0,1
132822480344738437,588.436,588.492,0.997617,0.04577,0.0516842,0.0259984,-0.0460044,0.998938,0.00336435,0.120805,-0.0514762,-0.00573328,0.998661,0.244632,0,0,0,1
132822480345071634,588.436,588.492,0.997563,0.0454359,0.0530034,0.0257314,-0.0457051,0.99895,0.00388274,0.120723,-0.0527723,-0.00629511,0.99859,0.244753,0,0,0,1
132822480345404831,588.436,588.492,0.997499,0.0451721,0.0544215,0.0255198,-0.0454728,0.998959,0.00431058,0.12065,-0.0541708,-0.00677344,0.998512,0.244864,0,0,0,1
132822480345738028,588.436,588.492,0.997456,0.0449166,0.055413,0.0252479,-0.0452373,0.998968,0.00455269,0.120613,-0.0551522,-0.00704676,0.998456,0.245007,0,0,0,1
132822480346071226,588.436,588.492,0.997449,0.0440814,0.0562025,0.0250488,-0.0444044,0.999006,0.00451753,0.120681,-0.0559483,-0.00700092,0.998412,0.245063,0,0,0,1
132822480346404422,588.436,588.492,0.997409,0.0432841,0.0575238,0.0247406,-0.0435606,0.999047,0.00357205,0.120687,-0.057315,-0.0060674,0.998341,0.245292,0,0,0,1
132822480346737620,588.436,588.492,0.997379,0.0426145,0.0585355,0.0244947,-0.0429462,0.99907,0.00442863,0.1206,-0.0582931,-0.00692993,0.998279,0.245341,0,0,0,1
132822480347404014,588.436,588.492,0.997385,0.0409418,0.0596133,0.0241126,-0.0414288,0.99912,0.00696284,0.120222,-0.0592767,-0.00941339,0.998201,0.245628,0,0,0,1
132822480347737211,588.436,588.492,0.997381,0.0404588,0.0600036,0.0239709,-0.0409888,0.999133,0.00763285,0.120076,-0.0596437,-0.0100716,0.998172,0.245685,0,0,0,1
132822480348403605,588.436,588.492,0.997383,0.0396351,0.0605261,0.0237692,-0.0402449,0.999153,0.0088951,0.119824,-0.0601232,-0.0113071,0.99813,0.246001,0,0,0,1
132822480349070000,588.436,588.492,0.997365,0.0388875,0.061312,0.023545,-0.0395539,0.999173,0.00970244,0.119676,-0.0608849,-0.0121009,0.998075,0.246246,0,0,0,1
132822480349403197,588.436,588.492,0.997354,0.0385835,0.0616584,0.0233997,-0.0392731,0.999181,0.0100198,0.11958,-0.061222,-0.0124139,0.99805,0.246373,0,0,0,1
132822480349736394,588.436,588.492,0.997362,0.0382406,0.0617532,0.0232556,-0.0389383,0.999193,0.0101413,0.119545,-0.0613164,-0.0125182,0.998043,0.246353,0,0,0,1
132822480350069591,588.436,588.492,0.997396,0.0377464,0.0615132,0.023149,-0.0384372,0.999213,0.0100942,0.119545,-0.0610847,-0.0124315,0.998059,0.246457,0,0,0,1
132822480350402788,588.436,588.492,0.99745,0.0371521,0.0610007,0.0231212,-0.0378349,0.999236,0.0100808,0.119548,-0.0605806,-0.0123622,0.99809,0.246678,0,0,0,1
132822480350735985,588.436,588.492,0.997532,0.0363931,0.0601032,0.0230813,-0.0370707,0.999263,0.0102081,0.119496,-0.0596881,-0.0124101,0.998143,0.246707,0,0,0,1
132822480352068774,588.436,588.492,0.998104,0.0320149,0.0526199,0.0230708,-0.0326531,0.999405,0.0113257,0.119345,-0.0522268,-0.0130215,0.998553,0.247173,0,0,0,1
132822480352401971,588.436,588.492,0.998316,0.0306917,0.0493031,0.0232055,-0.031293,0.999447,0.0114799,0.119318,-0.0489244,-0.0130022,0.998721,0.247342,0,0,0,1
132822480352735167,588.436,588.492,0.998551,0.0293539,0.045165,0.0234257,-0.0298987,0.99949,0.0114492,0.119323,-0.0448064,-0.0127819,0.998917,0.247504,0,0,0,1
132822480353068365,588.436,588.492,0.998763,0.0280592,0.0411431,0.0236394,-0.0285562,0.999528,0.011556,0.119335,-0.0408004,-0.0127154,0.99909,0.247671,0,0,0,1
132822480354401154,588.436,588.492,0.99939,0.0209744,0.0280437,0.023955,-0.0214331,0.999642,0.0161782,0.118877,-0.0276952,-0.0167684,0.999479,0.248035,0,0,0,1
132822480355400745,588.436,588.492,0.999729,0.0111338,0.0206355,0.0229694,-0.0116121,0.999665,0.0232283,0.118,-0.020371,-0.0234607,0.99952,0.248218,0,0,0,1
132822480356067139,588.436,588.492,0.999881,0.00369865,0.0151825,0.0222722,-0.00414458,0.99956,0.0294686,0.117261,-0.0150678,-0.0295271,0.999454,0.248652,0,0,0,1
132822480356400337,588.436,588.492,0.999933,0.00082171,0.0117915,0.022065,-0.00121817,0.999434,0.0336864,0.116694,-0.0117578,-0.0336975,0.999366,0.248898,0,0,0,1
132822480356733533,588.436,588.492,0.999976,-0.000673443,0.00729722,0.0220199,0.000389576,0.999246,0.038883,0.115996,-0.00731868,-0.0388783,0.99922,0.249068,0,0,0,1
132822480357066731,588.436,588.492,1,-0.0023438,0.00145192,0.0220344,0.00227448,0.998925,0.0463559,0.114979,-0.00155984,-0.0463513,0.998928,0.249012,0,0,0,1
132822480357399928,588.436,588.492,0.999979,-0.00500232,-0.0049095,0.0220233,0.00527054,0.998412,0.0561239,0.113694,0.00461994,-0.0561472,0.998415,0.248999,0,0,0,1
132822480357733125,588.436,588.492,0.999908,-0.00872999,-0.0107098,0.0217769,0.00941643,0.997793,0.0657695,0.11235,0.0101108,-0.0658631,0.997781,0.248958,0,0,0,1
132822480358066322,588.436,588.492,0.999824,-0.0124711,-0.0142425,0.0212862,0.0134879,0.997194,0.0736693,0.111188,0.0132827,-0.0738473,0.997184,0.248912,0,0,0,1
132822480358399519,588.436,588.492,0.999776,-0.0152334,-0.0149263,0.020486,0.0163815,0.996658,0.080054,0.110176,0.0136558,-0.0802792,0.996682,0.248943,0,0,0,1
132822480358732715,588.436,588.492,0.999773,-0.0168091,-0.0133384,0.0195884,0.0178893,0.996184,0.0854585,0.109322,0.0118502,-0.0856764,0.996256,0.24898,0,0,0,1
132822480359065914,588.436,588.492,0.999788,-0.0178365,-0.0106394,0.0186226,0.0187228,0.99577,0.0899837,0.108616,0.00898847,-0.0901623,0.99589,0.24914,0,0,0,1
132822480360065504,588.436,588.492,0.999788,-0.0203657,-0.00404325,0.0162217,0.020662,0.995087,0.096848,0.107505,0.00204998,-0.0969096,0.995294,0.250522,0,0,0,1
132822480360398702,588.436,588.492,0.999782,-0.0208169,-0.00294431,0.0156151,0.0210046,0.995099,0.096653,0.107495,0.000916839,-0.0966924,0.995317,0.251274,0,0,0,1
132822480360731899,588.436,588.492,0.999781,-0.0209516,-0.00242122,0.0151334,0.0210876,0.99518,0.095804,0.107586,0.000401035,-0.0958326,0.995401,0.252106,0,0,0,1
132822480361065096,588.436,588.492,0.999777,-0.0211177,-0.00234117,0.0147086,0.0212452,0.995221,0.095334,0.107596,0.000315845,-0.0953612,0.995446,0.252964,0,0,0,1
132822480361398293,588.436,588.492,0.999773,-0.0213072,-0.00249773,0.0143214,0.0214489,0.995192,0.0955961,0.107491,0.000448078,-0.0956267,0.99542,0.253831,0,0,0,1
132822480361731491,588.436,588.492,0.999766,-0.0216028,-0.00265199,0.0139484,0.0217582,0.995113,0.0963466,0.10732,0.000556543,-0.0963807,0.995348,0.254621,0,0,0,1
132822480362064688,588.436,588.492,0.999757,-0.0220427,-0.00265792,0.0135561,0.0221972,0.995015,0.0972461,0.107116,0.000500008,-0.09728,0.99526,0.255395,0,0,0,1
132822480362731082,588.436,588.492,0.999746,-0.022625,-0.00199085,0.0128362,0.0227113,0.994818,0.099127,0.106741,-0.000263184,-0.0991456,0.995076,0.25657,0,0,0,1
132822480363064279,588.436,588.492,0.999753,-0.0222782,-0.00171909,0.0125327,0.0223385,0.99468,0.100589,0.106486,-0.000531942,-0.100602,0.99493,0.257046,0,0,0,1
132822480363397476,588.436,588.492,0.999758,-0.0220782,-0.00164504,0.0122441,0.0221308,0.99448,0.102583,0.106098,-0.000629738,-0.102593,0.994726,0.257583,0,0,0,1
132822480363730673,588.436,588.492,0.999767,-0.0216279,-0.00204225,0.0120242,0.0217232,0.994241,0.104965,0.105673,-0.000240818,-0.104984,0.994477,0.258051,0,0,0,1
132822480364397068,588.436,588.492,0.999779,-0.020779,-0.00395291,0.0116833,0.0210906,0.993566,0.111291,0.104604,0.00161399,-0.111349,0.993783,0.258941,0,0,0,1
132822480365729856,588.436,588.492,0.999795,-0.0184627,-0.00865577,0.0106665,0.0194274,0.991431,0.129193,0.101632,0.00619538,-0.129334,0.991585,0.260273,0,0,0,1
132822480366729447,588.436,588.492,0.999829,-0.0147329,-0.011475,0.00990629,0.0162421,0.989305,0.14497,0.0988376,0.00921556,-0.145131,0.989373,0.26109,0,0,0,1
132822480367062644,588.436,588.492,0.999834,-0.0129937,-0.0130528,0.00972277,0.0148005,0.988658,0.149471,0.0980409,0.0109617,-0.149637,0.988684,0.261216,0,0,0,1
132822480368062236,588.436,588.492,0.999765,-0.00943542,-0.01966,0.00933433,0.0124684,0.986985,0.160344,0.0961031,0.0178903,-0.160551,0.986869,0.262039,0,0,0,1
132822480368728630,588.436,588.492,0.99972,-0.007586,-0.0225537,0.00878066,0.0112165,0.986154,0.165471,0.0951325,0.0209852,-0.165677,0.98596,0.262528,0,0,0,1
132822480369395024,588.436,588.492,0.999699,-0.00560695,-0.0240044,0.00803089,0.00959367,0.985516,0.169326,0.0943669,0.0227065,-0.169504,0.985272,0.263011,0,0,0,1
132822480369728221,588.436,588.492,0.999683,-0.00454232,-0.0249106,0.00769073,0.00875011,0.985149,0.171493,0.0939125,0.0237607,-0.171655,0.984874,0.263247,0,0,0,1
132822480370061418,588.436,588.492,0.999659,-0.00353378,-0.0259956,0.00741071,0.00800726,0.984708,0.174046,0.0934157,0.024982,-0.174194,0.984398,0.263432,0,0,0,1
132822480370727812,588.436,588.492,0.999602,-0.00214869,-0.0282394,0.00680035,0.00713935,0.984038,0.177827,0.092485,0.0274053,-0.177956,0.98366,0.26387,0,0,0,1
132822480372060601,588.436,588.492,0.999541,-0.000669897,-0.0304026,0.00554556,0.00615108,0.983549,0.180548,0.0916205,0.0297805,-0.180651,0.9831,0.2651,0,0,0,1
132822480372393798,588.436,588.492,0.999522,-0.000154436,-0.0310237,0.00534117,0.00576216,0.983517,0.180738,0.09151,0.0304831,-0.180829,0.983046,0.26539,0,0,0,1
132822480372726995,588.436,588.492,0.999492,0.000650674,-0.0319698,0.00522643,0.00514838,0.983479,0.180961,0.09134,0.0315583,-0.181033,0.982974,0.2656,0,0,0,1
132822480373060192,588.436,588.492,0.999454,0.00115457,-0.0331144,0.00503558,0.00488493,0.983343,0.181707,0.0910814,0.0327713,-0.181768,0.982798,0.265726,0,0,0,1
132822480373726587,588.436,588.492,0.999422,0.00185084,-0.0340374,0.00458241,0.00447133,0.982784,0.184719,0.0901761,0.033792,-0.184763,0.982205,0.26609,0,0,0,1
132822480374726178,588.436,588.492,0.999368,0.00394902,-0.0354193,0.00361532,0.00266486,0.982784,0.18475,0.0897907,0.035538,-0.184726,0.982151,0.267139,0,0,0,1
132822480375392571,588.436,588.492,0.999238,0.00338572,-0.0389732,0.00289696,0.00352561,0.984405,0.175899,0.091104,0.0389596,-0.1759,0.98364,0.26797,0,0,0,1
132822480375725769,588.436,588.492,0.999201,0.00244588,-0.039984,0.00234365,0.0044207,0.985309,0.170737,0.0919069,0.0398128,-0.170776,0.984509,0.268296,0,0,0,1
132822480376392164,588.436,588.492,0.999331,0.00187126,-0.0366199,0.000841975,0.00366938,0.988585,0.150639,0.094804,0.0364826,-0.150671,0.987914,0.268798,0,0,0,1
132822480376725360,588.436,588.492,0.99955,0.00272724,-0.0299719,-0.000323832,0.00136542,0.990755,0.13567,0.0969283,0.0300639,-0.135649,0.990304,0.269026,0,0,0,1
132822480377058558,588.436,588.492,0.999844,0.00748104,-0.0161862,-0.00203359,-0.00558215,0.993431,0.114314,0.0998022,0.0169339,-0.114204,0.993317,0.269638,0,0,0,1
132822480377391755,588.436,588.492,0.99987,0.0160793,0.00288351,-0.0039981,-0.0162651,0.996283,0.0846225,0.103767,-0.00151306,-0.084657,0.996412,0.270809,0,0,0,1
132822480377724953,588.436,588.492,0.999442,0.0254529,0.0218148,-0.00576526,-0.0265956,0.998199,0.0538288,0.107891,-0.0204063,-0.0543777,0.998315,0.272463,0,0,0,1
132822480378391346,588.436,588.492,0.998387,0.0344689,0.0451832,-0.00788379,-0.0346953,0.999391,0.00424591,0.114516,-0.0450103,-0.00580609,0.998973,0.276093,0,0,0,1
132822480378724543,588.436,588.492,0.998115,0.0349853,0.0504832,-0.00840223,-0.0343387,0.99932,-0.0136105,0.116908,-0.0509257,0.0118523,0.998635,0.277704,0,0,0,1
132822480379390938,588.436,588.492,0.997971,0.0322825,0.0549437,-0.0090391,-0.0303369,0.998898,-0.0358762,0.119871,-0.0560421,0.0341374,0.997848,0.27977,0,0,0,1
132822480380057332,588.436,588.492,0.997872,0.0310819,0.0573637,-0.00914836,-0.0284427,0.998527,-0.0462591,0.121207,-0.0587177,0.0445299,0.997284,0.280372,0,0,0,1
132822480380723726,588.436,588.492,0.997815,0.032162,0.057768,-0.00859386,-0.0293421,0.99837,-0.0490065,0.121416,-0.0592507,0.047205,0.99713,0.279844,0,0,0,1
132822480381390120,588.436,588.492,0.997805,0.036323,0.0554347,-0.00703561,-0.0337586,0.99835,-0.046508,0.12091,-0.0570333,0.0445355,0.997382,0.278824,0,0,0,1
132822480382056515,588.436,588.492,0.997719,0.042983,0.05212,-0.00523812,-0.0407343,0.998227,-0.0434585,0.120314,-0.0538963,0.0412369,0.997698,0.277674,0,0,0,1
132822480382389712,588.436,588.492,0.997789,0.0457687,0.0482493,-0.00424314,-0.0437562,0.998163,-0.0419607,0.120057,-0.0500819,0.0397575,0.997957,0.277212,0,0,0,1
132822480382722908,588.436,588.492,0.998047,0.0471675,0.0410445,-0.00300223,-0.045495,0.998135,-0.0407599,0.119933,-0.0428912,0.0388136,0.998329,0.276731,0,0,0,1
132822480383056106,588.436,588.492,0.998415,0.0478661,0.0297015,-0.00138754,-0.0466806,0.998136,-0.039382,0.119834,-0.0315321,0.0379338,0.998786,0.276252,0,0,0,1
132822480383389303,588.436,588.492,0.998758,0.0478312,0.0141728,0.00063628,-0.0472659,0.998168,-0.0378151,0.119759,-0.0159567,0.0370993,0.999187,0.275731,0,0,0,1
132822480383722500,588.436,588.492,0.998869,0.0475886,-0.00149032,0.00272888,-0.0476105,0.998177,-0.0371522,0.119735,-0.000281349,0.0371821,0.999312,0.275182,0,0,0,1
132822480384055697,588.436,588.492,0.998693,0.0491824,-0.0141327,0.004547,-0.0496773,0.998076,-0.037176,0.119793,0.0122761,0.0378304,0.999212,0.274516,0,0,0,1
132822480384388894,588.436,588.492,0.998342,0.0517977,-0.0252547,0.00622779,-0.0527011,0.997943,-0.0365536,0.119765,0.0233085,0.0378246,0.999016,0.27377,0,0,0,1
132822480385055289,588.436,588.492,0.997342,0.0562151,-0.04642,0.00937551,-0.0578416,0.997732,-0.0344829,0.119645,0.044375,0.0370772,0.99833,0.272126,0,0,0,1
132822480385388485,588.436,588.492,0.996411,0.0570498,-0.0625825,0.0114576,-0.0592593,0.997664,-0.0340433,0.119627,0.060493,0.0376304,0.997463,0.271362,0,0,0,1
132822480386721274,588.436,588.492,0.988875,0.0584956,-0.136789,0.0205282,-0.0627845,0.997657,-0.027253,0.119061,0.134873,0.0355389,0.990229,0.269339,0,0,0,1
132822480388054063,588.436,588.492,0.981026,0.055281,-0.185847,0.0253664,-0.0611675,0.997789,-0.0260887,0.119224,0.183992,0.0369622,0.982236,0.267519,0,0,0,1
132822480388387259,588.436,588.492,0.979014,0.0539112,-0.196551,0.0264637,-0.0601261,0.997859,-0.0257897,0.119291,0.194738,0.0370674,0.980158,0.267125,0,0,0,1
132822480388720456,587.855,587.902,0.977008,0.0524256,-0.206672,0.0274838,-0.0589255,0.997941,-0.0254193,0.11938,0.204912,0.0370141,0.978084,0.26673,0,0,0,1
132822480389053654,587.661,587.705,0.975253,0.0512995,-0.215075,0.0284582,-0.0580399,0.998,-0.0251399,0.119484,0.213354,0.0370017,0.976277,0.266362,0,0,0,1
132822480389386851,587.661,587.705,0.973482,0.0503304,-0.223173,0.0294185,-0.0574182,0.99803,-0.0253839,0.119589,0.221454,0.0375259,0.974452,0.265852,0,0,0,1
132822480389720048,587.661,587.705,0.971812,0.0490999,-0.230603,0.0304128,-0.0565226,0.998073,-0.0256909,0.119744,0.228895,0.0380019,0.972713,0.265399,0,0,0,1
132822480390053245,587.661,587.705,0.970526,0.0480266,-0.236178,0.0312405,-0.0555997,0.99813,-0.0255101,0.119796,0.234509,0.0378905,0.971379,0.264878,0,0,0,1
132822480390719639,587.661,587.705,0.968317,0.0479286,-0.245098,0.0330522,-0.0554115,0.998184,-0.023724,0.119761,0.243514,0.0365544,0.969212,0.263543,0,0,0,1
132822480391052837,587.661,587.705,0.967397,0.0479417,-0.248701,0.0339335,-0.0551446,0.998237,-0.0220744,0.119573,0.247202,0.0350701,0.968333,0.262904,0,0,0,1
132822480392052428,587.661,587.705,0.965664,0.0488244,-0.255177,0.0364076,-0.0548738,0.998357,-0.0166396,0.118906,0.253944,0.030072,0.966755,0.261012,0,0,0,1
132822480392718822,587.661,587.705,0.964623,0.0495439,-0.258948,0.0381703,-0.0546348,0.998431,-0.0124981,0.118406,0.257921,0.0262046,0.965814,0.259961,0,0,0,1
132822480393385216,587.661,587.705,0.964261,0.0512548,-0.259962,0.039636,-0.0555612,0.998415,-0.00924052,0.118061,0.259074,0.0233552,0.965578,0.259134,0,0,0,1
132822480393718413,587.661,587.705,0.964099,0.0515993,-0.260492,0.0402718,-0.055645,0.998419,-0.0081763,0.11795,0.259657,0.0223785,0.965445,0.258887,0,0,0,1
132822480394051610,587.661,587.705,0.96392,0.0515677,-0.26116,0.0408138,-0.0553869,0.998441,-0.00728171,0.117876,0.260376,0.0214846,0.965272,0.258586,0,0,0,1
132822480394384807,587.661,587.705,0.963839,0.0512875,-0.261517,0.0413162,-0.0549951,0.998465,-0.0068755,0.117854,0.260761,0.0210101,0.965178,0.258318,0,0,0,1
132822480395051202,587.661,587.705,0.964174,0.0504326,-0.260446,0.0419607,-0.0542613,0.998501,-0.00752775,0.117963,0.259674,0.0213908,0.965463,0.257846,0,0,0,1
132822480395717595,587.661,587.705,0.96533,0.049812,-0.25625,0.0421022,-0.0538698,0.998511,-0.00883824,0.118165,0.255426,0.022337,0.966574,0.257378,0,0,0,1
132822480396050793,587.661,587.705,0.965839,0.0493319,-0.254417,0.0421343,-0.0534298,0.998531,-0.00922002,0.118195,0.253587,0.0224994,0.967054,0.257005,0,0,0,1
132822480396383990,587.661,587.705,0.966242,0.048974,-0.252951,0.0422025,-0.0530193,0.998554,-0.0091988,0.118174,0.252133,0.0223004,0.967439,0.256727,0,0,0,1
132822480396717187,587.661,587.705,0.966525,0.0488122,-0.251901,0.0423623,-0.0527296,0.998572,-0.00882345,0.118089,0.251108,0.0218118,0.967717,0.256467,0,0,0,1
132822480397050384,587.661,587.705,0.966627,0.0488032,-0.251508,0.0425306,-0.0526474,0.998579,-0.0085769,0.118037,0.25073,0.0215329,0.967821,0.256177,0,0,0,1
132822480397716778,587.661,587.705,0.966419,0.0490854,-0.252254,0.043081,-0.0527711,0.998578,-0.00786394,0.118148,0.251508,0.0209113,0.967632,0.256061,0,0,0,1
132822480398716369,587.661,587.705,0.965129,0.0475861,-0.257424,0.0444332,-0.0518857,0.998605,-0.00993143,0.118248,0.256592,0.0229409,0.966251,0.256391,0,0,0,1
132822480400049158,587.661,587.705,0.960598,0.0515319,-0.273133,0.0485595,-0.0557248,0.998419,-0.0076106,0.117622,0.272308,0.0225304,0.961949,0.258219,0,0,0,1
132822480400382355,587.661,587.705,0.958693,0.0534954,-0.279378,0.0499842,-0.0571798,0.998353,-0.00504909,0.117281,0.278647,0.0208148,0.960171,0.258931,0,0,0,1
132822480400715552,587.661,587.705,0.956541,0.0547765,-0.286417,0.051497,-0.0575467,0.998344,-0.00125703,0.116799,0.285873,0.017684,0.958107,0.259788,0,0,0,1
132822480401048749,587.661,587.705,0.953937,0.0557389,-0.294792,0.0530943,-0.0575824,0.998339,0.00243042,0.116369,0.294437,0.0146559,0.955561,0.260606,0,0,0,1
132822480401715143,587.661,587.705,0.948485,0.0585214,-0.31138,0.0562482,-0.058505,0.998244,0.00940195,0.115697,0.311383,0.00929907,0.950242,0.262343,0,0,0,1
132822480402714734,587.661,587.705,0.943186,0.0613164,-0.326569,0.0582705,-0.0593255,0.998111,0.016063,0.115429,0.326936,0.00422302,0.94504,0.264593,0,0,0,1
132822480403047932,587.661,587.705,0.942973,0.0611045,-0.327223,0.0577793,-0.0594433,0.998119,0.0150849,0.115784,0.327528,0.00522605,0.94483,0.265178,0,0,0,1
132822480403381129,587.661,587.705,0.943599,0.059692,-0.325676,0.056842,-0.0592155,0.998182,0.0113859,0.116403,0.325763,0.00854057,0.945416,0.265635,0,0,0,1
132822480403714326,587.661,587.705,0.945023,0.0561959,-0.322147,0.0555559,-0.057028,0.998351,0.00686203,0.117043,0.322,0.011886,0.946668,0.265871,0,0,0,1
132822480404380719,587.661,587.705,0.948744,0.048763,-0.312272,0.0533342,-0.0508336,0.998708,0.00151147,0.117494,0.311941,0.0144392,0.949995,0.266279,0,0,0,1
132822480405047114,587.661,587.705,0.950908,0.0473606,-0.305837,0.0525013,-0.0493664,0.998782,0.00117731,0.11726,0.30552,0.0139777,0.952086,0.266762,0,0,0,1
132822480406379903,589.791,589.869,0.95251,0.0451728,-0.301146,0.05205,-0.0469718,0.998897,0.0012681,0.117129,0.30087,0.0129368,0.95358,0.26758,0,0,0,1
132822480407046297,590.953,591.05,0.953101,0.045226,-0.299263,0.0520474,-0.0466138,0.998912,0.00250328,0.116821,0.29905,0.0115632,0.95417,0.267964,0,0,0,1
132822480409045479,589.791,589.869,0.953042,0.0442325,-0.299601,0.0528476,-0.0451734,0.998974,0.00378846,0.117991,0.29946,0.00992328,0.95406,0.270683,0,0,0,1
132822480409711874,588.436,588.492,0.952674,0.0418393,-0.301109,0.0511737,-0.0427027,0.999082,0.00371686,0.116498,0.300988,0.00931716,0.953585,0.268992,0,0,0,1
132822480412044253,587.661,587.705,0.952086,0.0378099,-0.303491,0.0514793,-0.0378771,0.999268,0.00566666,0.115572,0.303483,0.00610006,0.95282,0.272822,0,0,0,1
132822480412377450,587.661,587.705,0.951829,0.0392967,-0.304108,0.0517253,-0.0387753,0.99922,0.0077557,0.115288,0.304175,0.00440952,0.952608,0.273409,0,0,0,1
132822480412710647,587.661,587.705,0.951499,0.040406,-0.304994,0.0517511,-0.0394944,0.999179,0.00915945,0.115253,0.305114,0.00333068,0.952313,0.273762,0,0,0,1
132822480414376632,587.661,587.705,0.954905,0.0312886,-0.295267,0.0479377,-0.0307156,0.999508,0.00657688,0.11548,0.295327,0.00278962,0.955395,0.273478,0,0,0,1
132822480414709830,587.661,587.705,0.955505,0.0302539,-0.293428,0.0474377,-0.0294465,0.999543,0.00716656,0.115382,0.29351,0.00179344,0.955957,0.273201,0,0,0,1
132822480415043027,587.661,587.705,0.955787,0.0298001,-0.292555,0.04715,-0.0288091,0.999557,0.00769423,0.115272,0.292655,0.00107458,0.956221,0.273,0,0,0,1
132822480415709421,588.436,588.492,0.955899,0.0296514,-0.292204,0.0469163,-0.0283427,0.999562,0.00870983,0.115056,0.292334,-4.3422e-05,0.956319,0.272664,0,0,0,1
132822480417042209,590.953,591.05,0.955067,0.0321449,-0.294648,0.0471867,-0.0300694,0.999483,0.0115712,0.11439,0.294866,-0.0021908,0.955539,0.272771,0,0,0,1
132822480418041801,591.34,591.444,0.955015,0.0325362,-0.294773,0.0468814,-0.0308297,0.999472,0.0104341,0.114447,0.294956,-0.000876576,0.955513,0.273325,0,0,0,1
132822480422373363,587.661,587.705,0.97069,0.0181558,-0.239657,0.036067,-0.0177879,0.999837,0.00369504,0.115716,0.239685,0.0006769,0.970853,0.267673,0,0,0,1
132822480425372136,587.661,587.705,0.987062,0.0258676,-0.158256,0.0315266,-0.0256632,0.999667,0.00333238,0.115598,0.15829,0.000772923,0.987395,0.257483,0,0,0,1
132822480426371728,587.661,587.705,0.991679,0.026761,-0.125944,0.0298224,-0.0273991,0.999622,-0.00334132,0.116548,0.125807,0.0067651,0.992035,0.251791,0,0,0,1
132822480426704925,587.661,587.705,0.993034,0.0278587,-0.114512,0.0293667,-0.0287797,0.999568,-0.00640124,0.116971,0.114284,0.00965276,0.993405,0.24959,0,0,0,1
132822480428037714,587.661,587.705,0.996681,0.0354953,-0.0732975,0.0281754,-0.0370447,0.999118,-0.0198955,0.118714,0.0725266,0.0225455,0.997115,0.239885,0,0,0,1
132822480428704107,587.661,587.705,0.997858,0.0387573,-0.0527515,0.0275967,-0.040411,0.998715,-0.0306626,0.119769,0.0514954,0.0327294,0.99814,0.235431,0,0,0,1
132822480430703290,587.661,587.705,0.998799,0.0472428,-0.0131288,0.028185,-0.0478498,0.997572,-0.0506405,0.120934,0.0107048,0.0512088,0.998634,0.22502,0,0,0,1
132822480431036487,587.661,587.705,0.998802,0.0476267,-0.0114276,0.0287727,-0.0481139,0.997735,-0.0470687,0.120391,0.00916034,0.0475628,0.998829,0.223521,0,0,0,1
132822480431369684,587.661,587.705,0.998811,0.0475774,-0.0108401,0.0294467,-0.0479893,0.997982,-0.0416434,0.119714,0.00883713,0.0421145,0.999077,0.221984,0,0,0,1
132822480431702881,587.661,587.705,0.998848,0.0468318,-0.0107414,0.0301563,-0.0471792,0.998281,-0.0348309,0.118858,0.00909203,0.035298,0.999339,0.220513,0,0,0,1
132822480433035669,587.855,587.902,0.999004,0.0429695,-0.0122074,0.0331151,-0.0431056,0.999011,-0.0111649,0.116401,0.011716,0.0116806,0.999866,0.215003,0,0,0,1
132822480433702063,587.661,587.705,0.999046,0.0414355,-0.0139416,0.0344914,-0.0414318,0.999144,0.000504285,0.115541,0.0139508,7.43866e-05,0.999906,0.212617,0,0,0,1
132822480434368457,587.661,587.705,0.999111,0.0391751,-0.0157452,0.0353723,-0.0388932,0.999087,0.0177948,0.113791,0.0164284,-0.0171658,0.999721,0.209582,0,0,0,1
132822480435701245,587.661,587.705,0.999478,0.0315223,-0.00740552,0.0344551,-0.0311689,0.998559,0.0437364,0.110506,0.00877385,-0.0434822,0.999019,0.203153,0,0,0,1
132822480436034443,587.661,587.705,0.999504,0.0313369,-0.00391035,0.0341177,-0.031114,0.998375,0.0477941,0.109995,0.00540197,-0.047648,0.998853,0.201777,0,0,0,1
132822480436367639,587.661,587.705,0.999497,0.0317815,-0.00130972,0.0339641,-0.0316763,0.998259,0.0498054,0.109757,0.00289054,-0.0497379,0.998762,0.200664,0,0,0,1
132822480436700837,587.661,587.705,0.999474,0.0325123,-3.57479e-05,0.0339692,-0.0324689,0.998216,0.0501617,0.10978,0.00166672,-0.0501334,0.998745,0.199796,0,0,0,1
132822480437034034,587.661,587.705,0.999455,0.0330757,-0.000141993,0.0340791,-0.0330274,0.998221,0.0496837,0.109947,0.00178541,-0.0496512,0.998768,0.199183,0,0,0,1
132822480437367231,587.661,587.705,0.99945,0.0332152,-0.000998065,0.0342524,-0.0331272,0.99828,0.0484223,0.110259,0.00260508,-0.0483616,0.99883,0.198927,0,0,0,1
132822480438700019,587.661,587.705,0.999381,0.0350579,-0.00379822,0.0347787,-0.0348794,0.998607,0.039657,0.111819,0.00518343,-0.0394992,0.999209,0.198809,0,0,0,1
132822480439366414,587.661,587.705,0.999363,0.0354968,-0.0042879,0.0346665,-0.0353237,0.998759,0.0351839,0.112443,0.00553179,-0.0350093,0.999375,0.198906,0,0,0,1
132822480439699610,587.661,587.705,0.999359,0.0355821,-0.00458211,0.0345224,-0.0354071,0.998806,0.0337445,0.112612,0.00577754,-0.0335597,0.999424,0.199044,0,0,0,1
132822480440366005,587.661,587.705,0.999331,0.0362744,-0.00522603,0.0342925,-0.0360887,0.99884,0.03196,0.112753,0.0063794,-0.0317492,0.999479,0.199306,0,0,0,1
132822480441032399,587.661,587.705,0.999259,0.0378716,-0.00720783,0.034035,-0.0376342,0.998827,0.0305407,0.112801,0.0083562,-0.0302458,0.999511,0.199575,0,0,0,1
132822480441365596,587.661,587.705,0.99921,0.0387795,-0.00905421,0.0339414,-0.0384968,0.998826,0.0294804,0.112903,0.010187,-0.0291076,0.999528,0.199941,0,0,0,1
132822480441698793,587.661,587.705,0.999167,0.0391803,-0.0116334,0.0338481,-0.038846,0.998865,0.0276478,0.113102,0.0127038,-0.027172,0.999553,0.200444,0,0,0,1
132822480442031991,587.661,587.705,0.999116,0.0392714,-0.0151916,0.0337882,-0.038881,0.998929,0.0251593,0.113417,0.0161637,-0.0245456,0.999571,0.201162,0,0,0,1
132822480442365187,587.661,587.705,0.999021,0.0394889,-0.0200395,0.0337471,-0.0390445,0.998996,0.0220802,0.113904,0.0208915,-0.0212754,0.999558,0.201936,0,0,0,1
132822480442698384,587.661,587.705,0.998883,0.0394478,-0.0261116,0.0338563,-0.0390009,0.999091,0.0173835,0.114571,0.0267737,-0.0163451,0.999511,0.203142,0,0,0,1
132822480443031581,587.661,587.705,0.998651,0.0388477,-0.0345314,0.0341159,-0.0384085,0.999176,0.0132725,0.115233,0.035019,-0.0119274,0.999318,0.204318,0,0,0,1
132822480444031172,587.661,587.705,0.997741,0.0375978,-0.0557244,0.0344259,-0.0372865,0.999285,0.00660428,0.11655,0.0559331,-0.00451097,0.998427,0.209352,0,0,0,1
132822480444697567,587.661,587.705,0.997753,0.0374215,-0.0556114,0.0329319,-0.0373262,0.999302,0.00274169,0.117297,0.0556753,-0.000659108,0.998452,0.212935,0,0,0,1
132822480445697158,587.661,587.705,0.997964,0.0400932,-0.0496443,0.030872,-0.0398304,0.999189,0.00625685,0.116981,0.0498552,-0.00426599,0.998751,0.217176,0,0,0,1
132822480446696749,587.661,587.705,0.997736,0.0422985,-0.0523244,0.0304856,-0.0416048,0.999035,0.0142659,0.11573,0.0528775,-0.0120556,0.998532,0.220556,0,0,0,1
132822480447696340,587.661,587.705,0.997602,0.0419514,-0.0550978,0.0299698,-0.0413373,0.999074,0.0122254,0.115942,0.0555598,-0.00991759,0.998409,0.224761,0,0,0,1
132822480449029129,587.661,587.705,0.997551,0.0403525,-0.057171,0.0288115,-0.0398549,0.99916,0.00980601,0.116383,0.0575189,-0.0075027,0.998319,0.229017,0,0,0,1
132822480450361917,587.661,587.705,0.998018,0.0353022,-0.0521431,0.0263603,-0.0349659,0.999364,0.00733611,0.116786,0.0523692,-0.00549772,0.998616,0.231864,0,0,0,1
132822480453360690,587.661,587.705,0.997699,0.0302261,-0.0607222,0.0257901,-0.0305012,0.999531,-0.00361755,0.118795,0.0605847,0.00546217,0.998151,0.238569,0,0,0,1
132822480454360282,587.661,587.705,0.997233,0.0318484,-0.067206,0.0268781,-0.0322203,0.999473,-0.00446591,0.119162,0.0670289,0.00661978,0.997732,0.24023,0,0,0,1
132822480455026676,587.661,587.705,0.997034,0.0333818,-0.069382,0.0271874,-0.0335827,0.999437,-0.00174135,0.118912,0.0692849,0.00406715,0.997592,0.240722,0,0,0,1
132822480455359873,587.661,587.705,0.997036,0.0340054,-0.0690528,0.0269933,-0.0340581,0.999422,0.000404298,0.11874,0.0690268,0.00194937,0.997616,0.240687,0,0,0,1
132822480456026267,587.661,587.705,0.997319,0.0329607,-0.0653812,0.0256891,-0.0329128,0.999459,0.00180086,0.118457,0.0654052,0.000356704,0.997862,0.240747,0,0,0,1
132822480456359464,587.661,587.705,0.997537,0.0313026,-0.0628027,0.0248364,-0.0311846,0.999512,0.00284913,0.118215,0.0628614,-0.000882834,0.998025,0.240794,0,0,0,1
132822480456692661,587.661,587.705,0.99776,0.0292821,-0.0601817,0.0240954,-0.0291444,0.999573,0.00315356,0.118044,0.0602487,-0.00139186,0.998186,0.240888,0,0,0,1
132822480457025858,587.661,587.705,0.99793,0.0274862,-0.0581779,0.0236357,-0.0273236,0.999622,0.00357807,0.117832,0.0582545,-0.00198051,0.998303,0.240967,0,0,0,1
132822480457359055,587.661,587.705,0.998014,0.0265988,-0.0571361,0.0235204,-0.0263826,0.999644,0.00452256,0.117546,0.0572364,-0.00300542,0.99836,0.241202,0,0,0,1
132822480458025450,587.661,587.705,0.9979,0.0289089,-0.0580083,0.0243132,-0.0285837,0.999574,0.00641865,0.117146,0.0581691,-0.00474629,0.998299,0.241584,0,0,0,1
132822480458358646,587.661,587.705,0.997734,0.031072,-0.0597185,0.0249994,-0.0306949,0.999506,0.00721183,0.117023,0.0599133,-0.00536177,0.998192,0.241885,0,0,0,1
132822480459025041,587.661,587.705,0.997405,0.0333667,-0.0638413,0.0262614,-0.0330133,0.999436,0.00657105,0.117056,0.0640244,-0.00444537,0.997942,0.242646,0,0,0,1
132822480459358238,587.661,587.705,0.997321,0.0338453,-0.0648939,0.0267506,-0.033547,0.999424,0.00567386,0.117124,0.0650486,-0.00348085,0.997879,0.242972,0,0,0,1
132822480459691435,587.661,587.705,0.997276,0.0345457,-0.0652149,0.0272032,-0.0342628,0.999401,0.0054436,0.117065,0.0653641,-0.0031935,0.99786,0.243208,0,0,0,1
132822480460024632,587.661,587.705,0.997261,0.0351003,-0.0651437,0.0275632,-0.0347828,0.99938,0.00599167,0.116891,0.0653139,-0.00370848,0.997861,0.243335,0,0,0,1
132822480460357829,587.661,587.705,0.997255,0.0353012,-0.0651269,0.0280427,-0.0349338,0.999369,0.00676185,0.116715,0.0653245,-0.00446728,0.997857,0.243322,0,0,0,1
132822480460691026,587.661,587.705,0.997242,0.0354372,-0.06525,0.0284972,-0.0349964,0.999359,0.00787434,0.116486,0.065487,-0.00556827,0.997841,0.243384,0,0,0,1
132822480461024223,587.661,587.705,0.997189,0.0361025,-0.0656853,0.0291302,-0.0355577,0.999325,0.00943798,0.11624,0.0659819,-0.00707516,0.997799,0.24339,0,0,0,1
132822480461357420,587.661,587.705,0.997119,0.0367215,-0.0664028,0.0297258,-0.0360734,0.999292,0.0109223,0.11604,0.066757,-0.00849479,0.997736,0.243388,0,0,0,1
132822480461690617,587.661,587.705,0.997106,0.0369506,-0.0664819,0.0302926,-0.0362611,0.999279,0.0115396,0.115957,0.0668604,-0.00909472,0.997724,0.243429,0,0,0,1
132822480462023813,587.661,587.705,0.997128,0.0373481,-0.0659117,0.0307577,-0.0365778,0.999251,0.0128449,0.1158,0.0663422,-0.0103962,0.997746,0.243261,0,0,0,1
132822480462357010,587.661,587.705,0.997232,0.0375852,-0.064195,0.0310225,-0.0367849,0.999233,0.0135929,0.115714,0.0646569,-0.0111931,0.997848,0.243239,0,0,0,1
132822480462690208,587.661,587.705,0.997331,0.0380642,-0.0623429,0.0312531,-0.0372199,0.999202,0.0146361,0.115629,0.0628505,-0.0122759,0.997951,0.243015,0,0,0,1
132822480463023405,587.661,587.705,0.997435,0.0379856,-0.0607124,0.0314436,-0.0371021,0.999192,0.0156045,0.115516,0.0612564,-0.0133111,0.998037,0.242822,0,0,0,1
132822480463356603,587.661,587.705,0.99748,0.038388,-0.0597017,0.0316927,-0.037465,0.999164,0.016497,0.115493,0.0602853,-0.0142181,0.998083,0.242534,0,0,0,1
132822480463689800,587.661,587.705,0.997511,0.0383518,-0.0592128,0.0319284,-0.0373782,0.999152,0.0174508,0.115449,0.0598321,-0.0151933,0.998096,0.24227,0,0,0,1
132822480464022997,587.661,587.705,0.997642,0.0370262,-0.0578365,0.0320218,-0.036097,0.999206,0.0170201,0.115485,0.0584208,-0.0148915,0.998184,0.241979,0,0,0,1
132822480464356193,587.661,587.705,0.997772,0.0362681,-0.0560393,0.032179,-0.0353386,0.999225,0.0174779,0.11535,0.0566299,-0.0154581,0.998279,0.241657,0,0,0,1
132822480464689391,587.661,587.705,0.997855,0.035945,-0.0547532,0.0325977,-0.0349679,0.999216,0.0186848,0.115152,0.055382,-0.0167293,0.998329,0.241228,0,0,0,1
132822480465355784,587.661,587.705,0.997702,0.0367548,-0.0569585,0.034636,-0.0355733,0.999136,0.0216101,0.114651,0.0577035,-0.0195334,0.998146,0.240415,0,0,0,1
132822480465688982,587.661,587.705,0.997488,0.0381614,-0.0597159,0.0359982,-0.036775,0.999035,0.0241314,0.114388,0.0605792,-0.0218737,0.997927,0.240116,0,0,0,1
132822480466022179,587.661,587.705,0.997234,0.0400484,-0.062651,0.0372611,-0.0384504,0.998911,0.026498,0.114158,0.0636437,-0.0240148,0.997687,0.239823,0,0,0,1
132822480466355376,587.661,587.705,0.99697,0.042135,-0.065422,0.0382449,-0.0403498,0.998785,0.0283629,0.114031,0.0665378,-0.0256364,0.997458,0.239766,0,0,0,1
132822480466688573,587.661,587.705,0.996759,0.0434121,-0.067763,0.0389382,-0.0415128,0.998715,0.0291802,0.11399,0.0689427,-0.0262718,0.997278,0.23976,0,0,0,1
132822480467354967,587.661,587.705,0.996386,0.0438912,-0.0727623,0.0398345,-0.0417912,0.998675,0.0301295,0.113959,0.0739882,-0.0269789,0.996897,0.240243,0,0,0,1
132822480468354558,587.661,587.705,0.995883,0.0439983,-0.0792879,0.0401322,-0.0416563,0.998655,0.0309481,0.113901,0.080543,-0.0275171,0.996374,0.241161,0,0,0,1
132822480468687756,587.661,587.705,0.995786,0.0442248,-0.0803743,0.0399784,-0.0418627,0.99865,0.0308325,0.113971,0.0816295,-0.027337,0.996291,0.241446,0,0,0,1
132822480469020953,587.661,587.705,0.995781,0.0443268,-0.0803792,0.0396238,-0.0420226,0.998664,0.0301291,0.114146,0.0816076,-0.0266234,0.996312,0.241729,0,0,0,1
132822480469354150,587.661,587.705,0.995862,0.0441286,-0.0794795,0.0390189,-0.0419344,0.9987,0.0290622,0.114365,0.0806589,-0.0256082,0.996416,0.241967,0,0,0,1
132822480470020543,587.661,587.705,0.996138,0.0428269,-0.0766779,0.0376155,-0.0407817,0.998777,0.0280364,0.114688,0.077785,-0.0248004,0.996665,0.242045,0,0,0,1
132822480470353741,587.661,587.705,0.9963,0.0418334,-0.0751072,0.0368003,-0.0398194,0.998814,0.0281069,0.114719,0.076194,-0.0250115,0.996782,0.241945,0,0,0,1
132822480470686938,587.661,587.705,0.996463,0.0407189,-0.0735444,0.0359833,-0.0387104,0.998846,0.028526,0.114712,0.0746211,-0.0255774,0.996887,0.241771,0,0,0,1
132822480471020135,587.661,587.705,0.996624,0.0395074,-0.0720021,0.0351834,-0.0374788,0.99887,0.0292998,0.114636,0.0730783,-0.0265013,0.996977,0.241486,0,0,0,1
132822480471353332,587.661,587.705,0.996761,0.0387084,-0.0705331,0.0344824,-0.0366524,0.998874,0.0302061,0.114552,0.0716228,-0.027522,0.997055,0.241216,0,0,0,1
132822480471686529,587.661,587.705,0.996843,0.0384541,-0.0694981,0.0338633,-0.036359,0.998856,0.0311549,0.114471,0.0706167,-0.0285287,0.997099,0.24104,0,0,0,1
132822480472019726,587.661,587.705,0.996933,0.038018,-0.0684422,0.0333478,-0.0359026,0.998849,0.0318698,0.114386,0.0695753,-0.0293141,0.997149,0.240924,0,0,0,1
132822480473685712,587.661,587.705,0.997175,0.0366,-0.0656269,0.0316447,-0.0345733,0.998901,0.0317494,0.114515,0.0667168,-0.0293901,0.997342,0.240554,0,0,0,1
132822480474018909,587.661,587.705,0.997171,0.0375344,-0.065154,0.0313923,-0.0354662,0.998841,0.032606,0.114492,0.0663025,-0.0302022,0.997346,0.240494,0,0,0,1
132822480475018500,587.661,587.705,0.997327,0.0384351,-0.0621759,0.0297583,-0.0366483,0.998892,0.0296195,0.114956,0.0632454,-0.0272609,0.997629,0.240103,0,0,0,1
132822480475684894,587.661,587.705,0.997718,0.0352396,-0.0576306,0.0283656,-0.0336523,0.999036,0.0282749,0.114941,0.0585716,-0.0262702,0.997941,0.239542,0,0,0,1
132822480476018091,587.661,587.705,0.997825,0.0343925,-0.0562836,0.028027,-0.0328305,0.999059,0.0284366,0.114832,0.0572087,-0.0265261,0.998013,0.239167,0,0,0,1
132822480476351288,587.661,587.705,0.997815,0.0342301,-0.0565581,0.028012,-0.0326081,0.99904,0.029347,0.114636,0.0575084,-0.0274377,0.997971,0.238748,0,0,0,1
